"filename", "language", "Python", "C++", "comment", "blank", "total"
"/home/kapusta/Документы/programming_tasks/8/a.py", "Python", 9, 0, 0, 2, 11
"/home/kapusta/Документы/programming_tasks/8/testa.py", "Python", 18, 0, 0, 6, 24
"/home/kapusta/Документы/programming_tasks/CodeForcesRound/898/a.cpp", "C++", 0, 27, 0, 1, 28
"/home/kapusta/Документы/programming_tasks/CodeForcesRound/898/b.cpp", "C++", 0, 33, 2, 1, 36
"/home/kapusta/Документы/programming_tasks/CodeForcesRound/898/c.cpp", "C++", 0, 34, 0, 1, 35
"/home/kapusta/Документы/programming_tasks/CodeForcesRound/898/d.cpp", "C++", 0, 26, 0, 1, 27
"/home/kapusta/Документы/programming_tasks/CodeForcesRound/898/e.cpp", "C++", 0, 27, 3, 1, 31
"/home/kapusta/Документы/programming_tasks/CodeForcesRound/898/e2.cpp", "C++", 0, 37, 4, 1, 42
"/home/kapusta/Документы/programming_tasks/CodeForcesRound/898/e3.cpp", "C++", 0, 36, 1, 2, 39
"/home/kapusta/Документы/programming_tasks/CodeForcesRound/898/f.cpp", "C++", 0, 45, 0, 1, 46
"/home/kapusta/Документы/programming_tasks/CodeForcesRound/915/a.cpp", "C++", 0, 51, 0, 5, 56
"/home/kapusta/Документы/programming_tasks/CodeForcesRound/918/a.cpp", "C++", 0, 19, 0, 1, 20
"/home/kapusta/Документы/programming_tasks/CodeForcesRound/918/b.cpp", "C++", 0, 54, 0, 2, 56
"/home/kapusta/Документы/programming_tasks/CodeForcesRound/918/c.cpp", "C++", 0, 24, 0, 3, 27
"/home/kapusta/Документы/programming_tasks/CodeForcesRound/918/d.cpp", "C++", 0, 45, 0, 1, 46
"/home/kapusta/Документы/programming_tasks/CodeForcesRound/918/e.cpp", "C++", 0, 41, 0, 2, 43
"/home/kapusta/Документы/programming_tasks/CodeForcesRound/918/e2.cpp", "C++", 0, 10, 0, 2, 12
"/home/kapusta/Документы/programming_tasks/CodeForcesRound/919/a.cpp", "C++", 0, 41, 0, 1, 42
"/home/kapusta/Документы/programming_tasks/CodeForcesRound/919/b.cpp", "C++", 0, 36, 0, 1, 37
"/home/kapusta/Документы/programming_tasks/CodeForcesRound/920/a.cpp", "C++", 0, 21, 0, 1, 22
"/home/kapusta/Документы/programming_tasks/CodeForcesRound/920/b.cpp", "C++", 0, 35, 3, 1, 39
"/home/kapusta/Документы/programming_tasks/CodeForcesRound/920/b2.cpp", "C++", 0, 50, 3, 1, 54
"/home/kapusta/Документы/programming_tasks/CodeForcesRound/920/c.cpp", "C++", 0, 36, 4, 1, 41
"/home/kapusta/Документы/programming_tasks/CodeForcesRound/920/c2.cpp", "C++", 0, 13, 0, 3, 16
"/home/kapusta/Документы/programming_tasks/CodeForcesRound/920/c3.cpp", "C++", 0, 30, 1, 1, 32
"/home/kapusta/Документы/programming_tasks/CodeForcesRound/921/a.cpp", "C++", 0, 22, 0, 1, 23
"/home/kapusta/Документы/programming_tasks/CodeForcesRound/921/b.cpp", "C++", 0, 23, 0, 1, 24
"/home/kapusta/Документы/programming_tasks/CodeForcesRound/921/b2.cpp", "C++", 0, 26, 0, 1, 27
"/home/kapusta/Документы/programming_tasks/CodeForcesRound/921/b3.cpp", "C++", 0, 23, 0, 1, 24
"/home/kapusta/Документы/programming_tasks/CodeForcesRound/921/c.cpp", "C++", 0, 9, 0, 2, 11
"/home/kapusta/Документы/programming_tasks/CodeForcesRound/921D1/a.cpp", "C++", 0, 20, 0, 4, 24
"/home/kapusta/Документы/programming_tasks/CodeForcesRound/922/a.cpp", "C++", 0, 14, 0, 1, 15
"/home/kapusta/Документы/programming_tasks/CodeForcesRound/922/b.cpp", "C++", 0, 41, 0, 3, 44
"/home/kapusta/Документы/programming_tasks/CodeForcesRound/922/c.cpp", "C++", 0, 32, 1, 2, 35
"/home/kapusta/Документы/programming_tasks/CodeForcesRound/922/c2.cpp", "C++", 0, 35, 1, 1, 37
"/home/kapusta/Документы/programming_tasks/CodeForcesRound/922/c3.cpp", "C++", 0, 14, 0, 1, 15
"/home/kapusta/Документы/programming_tasks/CodeForcesRound/923/a.cpp", "C++", 0, 252, 11, 15, 278
"/home/kapusta/Документы/programming_tasks/CodeForcesRound/924/a.cpp", "C++", 0, 81, 4, 10, 95
"/home/kapusta/Документы/programming_tasks/CodeForcesRound/925/a.cpp", "C++", 0, 150, 5, 12, 167
"/home/kapusta/Документы/programming_tasks/CodeForcesRound/926/a.cpp", "C++", 0, 23, 0, 1, 24
"/home/kapusta/Документы/programming_tasks/CodeForcesRound/926/b.cpp", "C++", 0, 21, 0, 1, 22
"/home/kapusta/Документы/programming_tasks/CodeForcesRound/926/c.cpp", "C++", 0, 17, 0, 1, 18
"/home/kapusta/Документы/programming_tasks/CodeForcesRound/927/a.cpp", "C++", 0, 24, 0, 1, 25
"/home/kapusta/Документы/programming_tasks/CodeForcesRound/927/b.cpp", "C++", 0, 24, 1, 2, 27
"/home/kapusta/Документы/programming_tasks/CodeForcesRound/927/c.cpp", "C++", 0, 32, 7, 4, 43
"/home/kapusta/Документы/programming_tasks/CodeForcesRound/927/c2.py", "Python", 20, 0, 0, 0, 20
"/home/kapusta/Документы/programming_tasks/CodeForcesRound/927/c3.cpp", "C++", 0, 7, 0, 2, 9
"/home/kapusta/Документы/programming_tasks/CodeForcesRound/927/d.cpp", "C++", 0, 48, 0, 3, 51
"/home/kapusta/Документы/programming_tasks/CodeForcesRound/927/d2.cpp", "C++", 0, 65, 7, 2, 74
"/home/kapusta/Документы/programming_tasks/CodeForcesRound/927/d3.cpp", "C++", 0, 35, 0, 3, 38
"/home/kapusta/Документы/programming_tasks/CodeForcesRound/928/a.cpp", "C++", 0, 23, 0, 2, 25
"/home/kapusta/Документы/programming_tasks/CodeForcesRound/928/b.cpp", "C++", 0, 31, 1, 1, 33
"/home/kapusta/Документы/programming_tasks/CodeForcesRound/928/c.cpp", "C++", 0, 48, 68, 11, 127
"/home/kapusta/Документы/programming_tasks/CodeForcesRound/928/c2.cpp", "C++", 0, 27, 0, 3, 30
"/home/kapusta/Документы/programming_tasks/CodeForcesRound/928/d.cpp", "C++", 0, 35, 7, 1, 43
"/home/kapusta/Документы/programming_tasks/CodeForcesRound/929/a.cpp", "C++", 0, 106, 4, 7, 117
"/home/kapusta/Документы/programming_tasks/CodeForcesRound/930/a.cpp", "C++", 0, 89, 35, 6, 130
"/home/kapusta/Документы/programming_tasks/CodeForcesRound/931/a.cpp", "C++", 0, 68, 3, 3, 74
"/home/kapusta/Документы/programming_tasks/CodeForcesRound/932/a.cpp", "C++", 0, 36, 0, 6, 42
"/home/kapusta/Документы/programming_tasks/CodeForcesRound/932/b.cpp", "C++", 0, 46, 15, 3, 64
"/home/kapusta/Документы/programming_tasks/CodeForcesRound/932/c.cpp", "C++", 0, 23, 0, 5, 28
"/home/kapusta/Документы/programming_tasks/CodeForcesRound/933/a.cpp", "C++", 0, 165, 3, 10, 178
"/home/kapusta/Документы/programming_tasks/CodeForcesRound/960/a.cpp", "C++", 0, 29, 0, 1, 30
"/home/kapusta/Документы/programming_tasks/CodeForcesRound/960/b.cpp", "C++", 0, 20, 0, 1, 21
"/home/kapusta/Документы/programming_tasks/CodeForcesRound/960/c.cpp", "C++", 0, 43, 0, 1, 44
"/home/kapusta/Документы/programming_tasks/CodeForcesRound/960/c2.cpp", "C++", 0, 36, 2, 1, 39
"/home/kapusta/Документы/programming_tasks/CodeForcesRound/960/d.cpp", "C++", 0, 159, 1, 6, 166
"/home/kapusta/Документы/programming_tasks/CodeForcesRound/960/d2.cpp", "C++", 0, 33, 5, 1, 39
"/home/kapusta/Документы/programming_tasks/CodeForcesRound/960/e1.cpp", "C++", 0, 13, 0, 2, 15
"/home/kapusta/Документы/programming_tasks/CodeForcesRound/972/a.cpp", "C++", 0, 28, 2, 3, 33
"/home/kapusta/Документы/programming_tasks/CodeForcesRound/972/b.cpp", "C++", 0, 50, 15, 4, 69
"/home/kapusta/Документы/programming_tasks/CodeForcesRound/Beta2/a.cpp", "C++", 0, 23, 5, 1, 29
"/home/kapusta/Документы/programming_tasks/CodeForcesRound/Beta2/a2.cpp", "C++", 0, 44, 3, 1, 48
"/home/kapusta/Документы/programming_tasks/CodeForcesRound/Beta2/a3.cpp", "C++", 0, 39, 0, 2, 41
"/home/kapusta/Документы/programming_tasks/CodeForcesRound/Beta2/b.cpp", "C++", 0, 64, 2, 2, 68
"/home/kapusta/Документы/programming_tasks/CodeForcesRound/Beta2/b2.cpp", "C++", 0, 64, 1, 2, 67
"/home/kapusta/Документы/programming_tasks/CodeForcesRound/CodeForcesER/160/a.cpp", "C++", 0, 30, 0, 1, 31
"/home/kapusta/Документы/programming_tasks/CodeForcesRound/CodeForcesER/160/b.cpp", "C++", 0, 17, 0, 5, 22
"/home/kapusta/Документы/programming_tasks/CodeForcesRound/CodeForcesER/160/c.cpp", "C++", 0, 41, 13, 4, 58
"/home/kapusta/Документы/programming_tasks/CodeForcesRound/CodeForcesER/160/c2.cpp", "C++", 0, 36, 13, 4, 53
"/home/kapusta/Документы/programming_tasks/CodeForcesRound/CodeForcesER/160/d.cpp", "C++", 0, 57, 5, 6, 68
"/home/kapusta/Документы/programming_tasks/CodeForcesRound/CodeForcesER/161/a.cpp", "C++", 0, 36, 1, 1, 38
"/home/kapusta/Документы/programming_tasks/CodeForcesRound/CodeForcesER/161/b.cpp", "C++", 0, 28, 1, 1, 30
"/home/kapusta/Документы/programming_tasks/CodeForcesRound/CodeForcesER/161/b2.cpp", "C++", 0, 29, 0, 1, 30
"/home/kapusta/Документы/programming_tasks/CodeForcesRound/CodeForcesER/161/b3.cpp", "C++", 0, 37, 0, 2, 39
"/home/kapusta/Документы/programming_tasks/CodeForcesRound/CodeForcesER/161/c.cpp", "C++", 0, 51, 5, 1, 57
"/home/kapusta/Документы/programming_tasks/CodeForcesRound/CodeForcesER/162/a.cpp", "C++", 0, 349, 26, 48, 423
"/home/kapusta/Документы/programming_tasks/CodeForcesRound/CodeForcesER/917/a.cpp", "C++", 0, 27, 0, 1, 28
"/home/kapusta/Документы/programming_tasks/CodeForcesRound/CodeForcesER/917/b.cpp", "C++", 0, 27, 2, 2, 31
"/home/kapusta/Документы/programming_tasks/CodeForcesRound/GB2023/a.cpp", "C++", 0, 32, 0, 2, 34
"/home/kapusta/Документы/programming_tasks/CodeForcesRound/GB2023/b.cpp", "C++", 0, 82, 2, 4, 88
"/home/kapusta/Документы/programming_tasks/CodeForcesRound/GB2023/b2.cpp", "C++", 0, 23, 0, 2, 25
"/home/kapusta/Документы/programming_tasks/CodeForcesRound/GB2023/b3.cpp", "C++", 0, 40, 0, 3, 43
"/home/kapusta/Документы/programming_tasks/CodeForcesRound/GB2023/b4.cpp", "C++", 0, 28, 4, 2, 34
"/home/kapusta/Документы/programming_tasks/CodeForcesRound/H2024/a.cpp", "C++", 0, 17, 0, 1, 18
"/home/kapusta/Документы/programming_tasks/CodeForcesRound/H2024/b.cpp", "C++", 0, 24, 0, 1, 25
"/home/kapusta/Документы/programming_tasks/CodeForcesRound/H2024/c.cpp", "C++", 0, 44, 1, 1, 46
"/home/kapusta/Документы/programming_tasks/CodeForcesRound/H2024/c2.cpp", "C++", 0, 16, 0, 1, 17
"/home/kapusta/Документы/programming_tasks/CodeForcesRound/H2024/e.cpp", "C++", 0, 42, 2, 3, 47
"/home/kapusta/Документы/programming_tasks/CodeForcesRound/beta1/a.cpp", "C++", 0, 11, 0, 2, 13
"/home/kapusta/Документы/programming_tasks/CodeForcesRound/beta1/b.cpp", "C++", 0, 55, 2, 5, 62
"/home/kapusta/Документы/programming_tasks/CodeForcesRound/nar/1421A.cpp", "C++", 0, 16, 0, 3, 19
"/home/kapusta/Документы/programming_tasks/CodeForcesRound/nar/1527A.cpp", "C++", 0, 23, 0, 3, 26
"/home/kapusta/Документы/programming_tasks/CodeForcesRound/nar/1566B.cpp", "C++", 0, 35, 0, 3, 38
"/home/kapusta/Документы/programming_tasks/CodeForcesRound/nar/1635A.cpp", "C++", 0, 22, 0, 3, 25
"/home/kapusta/Документы/programming_tasks/CodeForcesRound/nar/1688A.cpp", "C++", 0, 26, 0, 3, 29
"/home/kapusta/Документы/programming_tasks/CodeForcesRound/nar/1698A.cpp", "C++", 0, 19, 0, 3, 22
"/home/kapusta/Документы/programming_tasks/CodeForcesRound/nar/1805A.cpp", "C++", 0, 28, 0, 3, 31
"/home/kapusta/Документы/programming_tasks/CodeForcesRound/nar/1829C.cpp", "C++", 0, 34, 0, 3, 37
"/home/kapusta/Документы/programming_tasks/CodeForcesRound/nar/1843C.cpp", "C++", 0, 31, 0, 3, 34
"/home/kapusta/Документы/programming_tasks/CodeForcesRound/nar/1907A.cpp", "C++", 0, 30, 0, 1, 31
"/home/kapusta/Документы/programming_tasks/CodeForcesRound/nar/1909A.cpp", "C++", 0, 41, 0, 2, 43
"/home/kapusta/Документы/programming_tasks/CodeForcesRound/nar/1909A2.cpp", "C++", 0, 37, 0, 1, 38
"/home/kapusta/Документы/programming_tasks/CodeForcesRound/nar/1913A.cpp", "C++", 0, 16, 0, 2, 18
"/home/kapusta/Документы/programming_tasks/CodeForcesRound/nar/1914A.cpp", "C++", 0, 26, 0, 2, 28
"/home/kapusta/Документы/programming_tasks/CodeForcesRound/nar/1914B.cpp", "C++", 0, 23, 0, 3, 26
"/home/kapusta/Документы/programming_tasks/CodeForcesRound/nar/1915A.cpp", "C++", 0, 16, 0, 3, 19
"/home/kapusta/Документы/programming_tasks/CodeForcesRound/nar/1920B.cpp", "C++", 0, 32, 6, 1, 39
"/home/kapusta/Документы/programming_tasks/CodeForcesRound/nar/1921C.cpp", "C++", 0, 28, 9, 1, 38
"/home/kapusta/Документы/programming_tasks/CodeForcesRound/nar/1922E.cpp", "C++", 0, 14, 0, 1, 15
"/home/kapusta/Документы/programming_tasks/CodeForcesRound/nar/1968D.cpp", "C++", 0, 54, 7, 4, 65
"/home/kapusta/Документы/programming_tasks/CodeForcesRound/nar/1973B.cpp", "C++", 0, 60, 6, 3, 69
"/home/kapusta/Документы/programming_tasks/CodeForcesRound/nar/1974C.cpp", "C++", 0, 73, 2, 4, 79
"/home/kapusta/Документы/programming_tasks/CodeForcesRound/nar/1974D.cpp", "C++", 0, 101, 0, 4, 105
"/home/kapusta/Документы/programming_tasks/CodeForcesRound/nar/1975C.cpp", "C++", 0, 40, 1, 4, 45
"/home/kapusta/Документы/programming_tasks/CodeForcesRound/nar/1978C.cpp", "C++", 0, 53, 3, 3, 59
"/home/kapusta/Документы/programming_tasks/CodeForcesRound/nar/1979C.cpp", "C++", 0, 32, 0, 3, 35
"/home/kapusta/Документы/programming_tasks/CodeForcesRound/nar/1980C.cpp", "C++", 0, 46, 4, 3, 53
"/home/kapusta/Документы/programming_tasks/CodeForcesRound/nar/1980D.cpp", "C++", 0, 81, 13, 4, 98
"/home/kapusta/Документы/programming_tasks/CodeForcesRound/nar/1981B.cpp", "C++", 0, 38, 4, 3, 45
"/home/kapusta/Документы/programming_tasks/CodeForcesRound/nar/1982B.cpp", "C++", 0, 32, 3, 3, 38
"/home/kapusta/Документы/programming_tasks/CodeForcesRound/nar/1982C.cpp", "C++", 0, 36, 3, 3, 42
"/home/kapusta/Документы/programming_tasks/CodeForcesRound/nar/1983B.cpp", "C++", 0, 77, 6, 3, 86
"/home/kapusta/Документы/programming_tasks/CodeForcesRound/nar/1983C.cpp", "C++", 0, 65, 1, 4, 70
"/home/kapusta/Документы/programming_tasks/CodeForcesRound/nar/1984C1.cpp", "C++", 0, 31, 6, 3, 40
"/home/kapusta/Документы/programming_tasks/CodeForcesRound/nar/1985E.cpp", "C++", 0, 27, 2, 3, 32
"/home/kapusta/Документы/programming_tasks/CodeForcesRound/nar/1986D.cpp", "C++", 0, 45, 10, 3, 58
"/home/kapusta/Документы/programming_tasks/CodeForcesRound/nar/1987B.cpp", "C++", 0, 36, 3, 3, 42
"/home/kapusta/Документы/programming_tasks/CodeForcesRound/nar/1987C.cpp", "C++", 0, 34, 3, 3, 40
"/home/kapusta/Документы/programming_tasks/CodeForcesRound/nar/1988C.cpp", "C++", 0, 42, 0, 5, 47
"/home/kapusta/Документы/programming_tasks/CodeForcesRound/nar/1989B.cpp", "C++", 0, 29, 0, 4, 33
"/home/kapusta/Документы/programming_tasks/CodeForcesRound/nar/1989C.cpp", "C++", 0, 53, 1, 3, 57
"/home/kapusta/Документы/programming_tasks/CodeForcesRound/nar/1990A.cpp", "C++", 0, 28, 0, 3, 31
"/home/kapusta/Документы/programming_tasks/CodeForcesRound/nar/1990B.cpp", "C++", 0, 30, 0, 4, 34
"/home/kapusta/Документы/programming_tasks/CodeForcesRound/nar/1991B.cpp", "C++", 0, 33, 2, 3, 38
"/home/kapusta/Документы/programming_tasks/CodeForcesRound/nar/1991C.cpp", "C++", 0, 42, 3, 4, 49
"/home/kapusta/Документы/programming_tasks/CodeForcesRound/nar/1992C.cpp", "C++", 0, 23, 0, 3, 26
"/home/kapusta/Документы/programming_tasks/CodeForcesRound/nar/1992D.cpp", "C++", 0, 29, 8, 4, 41
"/home/kapusta/Документы/programming_tasks/CodeForcesRound/nar/1993B.cpp", "C++", 0, 43, 4, 3, 50
"/home/kapusta/Документы/programming_tasks/CodeForcesRound/nar/1993C.cpp", "C++", 0, 35, 6, 3, 44
"/home/kapusta/Документы/programming_tasks/CodeForcesRound/nar/1995B.cpp", "C++", 0, 36, 1, 3, 40
"/home/kapusta/Документы/programming_tasks/CodeForcesRound/nar/1996C.cpp", "C++", 0, 35, 4, 3, 42
"/home/kapusta/Документы/programming_tasks/CodeForcesRound/nar/1997B.cpp", "C++", 0, 29, 1, 3, 33
"/home/kapusta/Документы/programming_tasks/CodeForcesRound/nar/1997C.cpp", "C++", 0, 47, 0, 4, 51
"/home/kapusta/Документы/programming_tasks/CodeForcesRound/nar/1999A.cpp", "C++", 0, 16, 0, 3, 19
"/home/kapusta/Документы/programming_tasks/CodeForcesRound/nar/1999B.cpp", "C++", 0, 27, 0, 5, 32
"/home/kapusta/Документы/programming_tasks/CodeForcesRound/nar/1999C.cpp", "C++", 0, 28, 0, 3, 31
"/home/kapusta/Документы/programming_tasks/CodeForcesRound/nar/1999D.cpp", "C++", 0, 30, 0, 3, 33
"/home/kapusta/Документы/programming_tasks/CodeForcesRound/nar/1999E.cpp", "C++", 0, 24, 0, 4, 28
"/home/kapusta/Документы/programming_tasks/CodeForcesRound/nar/2000A.cpp", "C++", 0, 21, 0, 3, 24
"/home/kapusta/Документы/programming_tasks/CodeForcesRound/nar/2000B.cpp", "C++", 0, 34, 0, 3, 37
"/home/kapusta/Документы/programming_tasks/CodeForcesRound/nar/2000C.cpp", "C++", 0, 42, 0, 4, 46
"/home/kapusta/Документы/programming_tasks/CodeForcesRound/nar/2000D.cpp", "C++", 0, 49, 3, 6, 58
"/home/kapusta/Документы/programming_tasks/CodeForcesRound/nar/2000E.cpp", "C++", 0, 61, 7, 3, 71
"/home/kapusta/Документы/programming_tasks/CodeForcesRound/nar/2001A.cpp", "C++", 0, 29, 0, 3, 32
"/home/kapusta/Документы/programming_tasks/CodeForcesRound/nar/2001B.cpp", "C++", 0, 33, 0, 3, 36
"/home/kapusta/Документы/programming_tasks/CodeForcesRound/nar/2002A.cpp", "C++", 0, 16, 0, 3, 19
"/home/kapusta/Документы/programming_tasks/CodeForcesRound/nar/2002B.cpp", "C++", 0, 41, 1, 3, 45
"/home/kapusta/Документы/programming_tasks/CodeForcesRound/nar/2003A.cpp", "C++", 0, 22, 0, 3, 25
"/home/kapusta/Документы/programming_tasks/CodeForcesRound/nar/2003B.cpp", "C++", 0, 21, 3, 3, 27
"/home/kapusta/Документы/programming_tasks/CodeForcesRound/nar/2003C.cpp", "C++", 0, 38, 0, 4, 42
"/home/kapusta/Документы/programming_tasks/CodeForcesRound/nar/2004A.cpp", "C++", 0, 27, 0, 3, 30
"/home/kapusta/Документы/programming_tasks/CodeForcesRound/nar/2004B.cpp", "C++", 0, 26, 0, 3, 29
"/home/kapusta/Документы/programming_tasks/CodeForcesRound/nar/2004C.cpp", "C++", 0, 36, 3, 4, 43
"/home/kapusta/Документы/programming_tasks/CodeForcesRound/nar/2005B.cpp", "C++", 0, 43, 4, 5, 52
"/home/kapusta/Документы/programming_tasks/CodeForcesRound/nar/2007A.cpp", "C++", 0, 32, 0, 4, 36
"/home/kapusta/Документы/programming_tasks/CodeForcesRound/nar/2007B.cpp", "C++", 0, 68, 0, 3, 71
"/home/kapusta/Документы/programming_tasks/CodeForcesRound/nar/2007B_2.cpp", "C++", 0, 35, 0, 3, 38
"/home/kapusta/Документы/programming_tasks/CodeForcesRound/nar/2008A.cpp", "C++", 0, 27, 5, 3, 35
"/home/kapusta/Документы/programming_tasks/CodeForcesRound/nar/2008B.cpp", "C++", 0, 36, 0, 3, 39
"/home/kapusta/Документы/programming_tasks/CodeForcesRound/nar/2008C.cpp", "C++", 0, 28, 0, 4, 32
"/home/kapusta/Документы/programming_tasks/CodeForcesRound/nar/2008D.cpp", "C++", 0, 41, 0, 4, 45
"/home/kapusta/Документы/programming_tasks/CodeForcesRound/nar/2009A.cpp", "C++", 0, 16, 0, 3, 19
"/home/kapusta/Документы/programming_tasks/CodeForcesRound/nar/2009B.cpp", "C++", 0, 28, 0, 4, 32
"/home/kapusta/Документы/programming_tasks/CodeForcesRound/nar/2009C.cpp", "C++", 0, 20, 0, 3, 23
"/home/kapusta/Документы/programming_tasks/CodeForcesRound/nar/2009E.cpp", "C++", 0, 29, 3, 4, 36
"/home/kapusta/Документы/programming_tasks/CodeForcesRound/nar/2010A.cpp", "C++", 0, 23, 0, 3, 26
"/home/kapusta/Документы/programming_tasks/CodeForcesRound/nar/2010B.cpp", "C++", 0, 18, 0, 2, 20
"/home/kapusta/Документы/programming_tasks/CodeForcesRound/nar/2010C1.cpp", "C++", 0, 21, 1, 2, 24
"/home/kapusta/Документы/programming_tasks/CodeForcesRound/nar/2013B.cpp", "C++", 0, 22, 0, 3, 25
"/home/kapusta/Документы/programming_tasks/CodeForcesRound/nar/2013C.cpp", "C++", 0, 59, 0, 4, 63
"/home/kapusta/Документы/programming_tasks/CodeForcesRound/nar/2014C.cpp", "C++", 0, 56, 4, 6, 66
"/home/kapusta/Документы/programming_tasks/CodeForcesRound/nar/2014D.cpp", "C++", 0, 59, 0, 6, 65
"/home/kapusta/Документы/programming_tasks/CodeForcesRound/nar/2019B.cpp", "C++", 0, 38, 5, 3, 46
"/home/kapusta/Документы/programming_tasks/CodeForcesRound/nar/2020A.cpp", "C++", 0, 25, 0, 3, 28
"/home/kapusta/Документы/programming_tasks/CodeForcesRound/nar/2020B.cpp", "C++", 0, 40, 1, 4, 45
"/home/kapusta/Документы/programming_tasks/CodeForcesRound/nar/2026A.cpp", "C++", 0, 17, 0, 3, 20
"/home/kapusta/Документы/programming_tasks/CodeForcesRound/nar/2026B.cpp", "C++", 0, 36, 1, 3, 40
"/home/kapusta/Документы/programming_tasks/CodeForcesRound/nar/2027A.cpp", "C++", 0, 24, 0, 3, 27
"/home/kapusta/Документы/programming_tasks/CodeForcesRound/nar/2027B.cpp", "C++", 0, 26, 0, 3, 29
"/home/kapusta/Документы/programming_tasks/CodeForcesRound/nar/2027C.cpp", "C++", 0, 36, 0, 4, 40
"/home/kapusta/Документы/programming_tasks/CodeForcesRound/nar/2033A.cpp", "C++", 0, 20, 0, 3, 23
"/home/kapusta/Документы/programming_tasks/CodeForcesRound/nar/2033B.cpp", "C++", 0, 35, 0, 3, 38
"/home/kapusta/Документы/programming_tasks/CodeForcesRound/nar/2033C.cpp", "C++", 0, 73, 1, 4, 78
"/home/kapusta/Документы/programming_tasks/CodeForcesRound/nar/31B.cpp", "C++", 0, 12, 0, 2, 14
"/home/kapusta/Документы/programming_tasks/CodeForcesRound/nar/48D.cpp", "C++", 0, 51, 6, 5, 62
"/home/kapusta/Документы/programming_tasks/CodeForcesRound/nar/74B.cpp", "C++", 0, 22, 1, 2, 25
"/home/kapusta/Документы/programming_tasks/CodeForcesRound/nar/91A.cpp", "C++", 0, 38, 0, 2, 40
"/home/kapusta/Документы/programming_tasks/CodeForcesRound/nar/91A2.cpp", "C++", 0, 30, 0, 1, 31
"/home/kapusta/Документы/programming_tasks/CodeForcesRound/nar/91A3_vlad.cpp", "C++", 0, 16, 0, 1, 17
"/home/kapusta/Документы/programming_tasks/CodeForcesRound/nar/VDA.cpp", "C++", 0, 32, 9, 1, 42
"/home/kapusta/Документы/programming_tasks/CodeForcesRound/nar/VDA2.cpp", "C++", 0, 42, 7, 1, 50
"/home/kapusta/Документы/programming_tasks/CodeForcesRound/nar/VDA3.cpp", "C++", 0, 43, 7, 1, 51
"/home/kapusta/Документы/programming_tasks/CodeForcesRound/nar/arbus.cpp", "C++", 0, 13, 0, 1, 14
"/home/kapusta/Документы/programming_tasks/CodeForcesRound/nar/bitmask/1095C.cpp", "C++", 0, 41, 0, 2, 43
"/home/kapusta/Документы/programming_tasks/CodeForcesRound/nar/bitmask/1097B.cpp", "C++", 0, 28, 0, 2, 30
"/home/kapusta/Документы/programming_tasks/CodeForcesRound/nar/bitmask/1202A.cpp", "C++", 0, 25, 1, 3, 29
"/home/kapusta/Документы/programming_tasks/CodeForcesRound/nar/bitmask/1312C.cpp", "C++", 0, 37, 0, 3, 40
"/home/kapusta/Документы/programming_tasks/CodeForcesRound/nar/bitmask/1362B.cpp", "C++", 0, 53, 0, 5, 58
"/home/kapusta/Документы/programming_tasks/CodeForcesRound/nar/bitmask/1362C.cpp", "C++", 0, 20, 0, 3, 23
"/home/kapusta/Документы/programming_tasks/CodeForcesRound/nar/bitmask/1385D.cpp", "C++", 0, 43, 2, 4, 49
"/home/kapusta/Документы/programming_tasks/CodeForcesRound/nar/bitmask/1420B.cpp", "C++", 0, 31, 0, 4, 35
"/home/kapusta/Документы/programming_tasks/CodeForcesRound/nar/bitmask/1463B.cpp", "C++", 0, 25, 0, 3, 28
"/home/kapusta/Документы/programming_tasks/CodeForcesRound/nar/bitmask/1494A.cpp", "C++", 0, 72, 1, 4, 77
"/home/kapusta/Документы/programming_tasks/CodeForcesRound/nar/bitmask/1498B.cpp", "C++", 0, 41, 0, 3, 44
"/home/kapusta/Документы/programming_tasks/CodeForcesRound/nar/bitmask/1516B.cpp", "C++", 0, 34, 3, 3, 40
"/home/kapusta/Документы/programming_tasks/CodeForcesRound/nar/bitmask/1547D.cpp", "C++", 0, 27, 0, 3, 30
"/home/kapusta/Документы/programming_tasks/CodeForcesRound/nar/bitmask/1553C.cpp", "C++", 0, 50, 5, 3, 58
"/home/kapusta/Документы/programming_tasks/CodeForcesRound/nar/bitmask/1559A.cpp", "C++", 0, 22, 0, 3, 25
"/home/kapusta/Документы/programming_tasks/CodeForcesRound/nar/bitmask/1566C.cpp", "C++", 0, 40, 8, 3, 51
"/home/kapusta/Документы/programming_tasks/CodeForcesRound/nar/bitmask/1567B.cpp", "C++", 0, 31, 2, 4, 37
"/home/kapusta/Документы/programming_tasks/CodeForcesRound/nar/bitmask/1594B.cpp", "C++", 0, 26, 0, 3, 29
"/home/kapusta/Документы/programming_tasks/CodeForcesRound/nar/bitmask/1625A.cpp", "C++", 0, 33, 3, 3, 39
"/home/kapusta/Документы/programming_tasks/CodeForcesRound/nar/bitmask/1630A.cpp", "C++", 0, 49, 0, 3, 52
"/home/kapusta/Документы/programming_tasks/CodeForcesRound/nar/bitmask/1632B.cpp", "C++", 0, 37, 1, 4, 42
"/home/kapusta/Документы/programming_tasks/CodeForcesRound/nar/bitmask/1646C.cpp", "C++", 0, 40, 0, 3, 43
"/home/kapusta/Документы/programming_tasks/CodeForcesRound/nar/bitmask/1658D1.cpp", "C++", 0, 32, 0, 3, 35
"/home/kapusta/Документы/programming_tasks/CodeForcesRound/nar/bitmask/1661B.cpp", "C++", 0, 31, 0, 3, 34
"/home/kapusta/Документы/programming_tasks/CodeForcesRound/nar/bitmask/1669H.cpp", "C++", 0, 42, 0, 3, 45
"/home/kapusta/Документы/programming_tasks/CodeForcesRound/nar/bitmask/1682B.cpp", "C++", 0, 25, 0, 3, 28
"/home/kapusta/Документы/programming_tasks/CodeForcesRound/nar/bitmask/1699B.cpp", "C++", 0, 36, 0, 3, 39
"/home/kapusta/Документы/programming_tasks/CodeForcesRound/nar/bitmask/1722G.cpp", "C++", 0, 36, 1, 3, 40
"/home/kapusta/Документы/programming_tasks/CodeForcesRound/nar/bitmask/1726B.cpp", "C++", 0, 35, 0, 3, 38
"/home/kapusta/Документы/programming_tasks/CodeForcesRound/nar/bitmask/1763A.cpp", "C++", 0, 25, 0, 3, 28
"/home/kapusta/Документы/programming_tasks/CodeForcesRound/nar/bitmask/1775C.cpp", "C++", 0, 75, 1, 4, 80
"/home/kapusta/Документы/programming_tasks/CodeForcesRound/nar/bitmask/1790E.cpp", "C++", 0, 24, 0, 3, 27
"/home/kapusta/Документы/programming_tasks/CodeForcesRound/nar/bitmask/1807G2.cpp", "C++", 0, 33, 0, 3, 36
"/home/kapusta/Документы/programming_tasks/CodeForcesRound/nar/bitmask/1840B.cpp", "C++", 0, 20, 0, 3, 23
"/home/kapusta/Документы/programming_tasks/CodeForcesRound/nar/bitmask/1842B.cpp", "C++", 0, 55, 1, 4, 60
"/home/kapusta/Документы/programming_tasks/CodeForcesRound/nar/bitmask/1847B.cpp", "C++", 0, 35, 2, 3, 40
"/home/kapusta/Документы/programming_tasks/CodeForcesRound/nar/bitmask/1867B.cpp", "C++", 0, 38, 2, 3, 43
"/home/kapusta/Документы/programming_tasks/CodeForcesRound/nar/bitmask/1872E.cpp", "C++", 0, 46, 0, 3, 49
"/home/kapusta/Документы/programming_tasks/CodeForcesRound/nar/bitmask/1926E.cpp", "C++", 0, 21, 0, 3, 24
"/home/kapusta/Документы/programming_tasks/CodeForcesRound/nar/bitmask/1944B.cpp", "C++", 0, 60, 0, 6, 66
"/home/kapusta/Документы/programming_tasks/CodeForcesRound/nar/bitmask/1957B.cpp", "C++", 0, 28, 2, 3, 33
"/home/kapusta/Документы/programming_tasks/CodeForcesRound/nar/bitmask/1977B.cpp", "C++", 0, 55, 3, 5, 63
"/home/kapusta/Документы/programming_tasks/CodeForcesRound/nar/bitmask/1979B.cpp", "C++", 0, 19, 0, 3, 22
"/home/kapusta/Документы/programming_tasks/CodeForcesRound/nar/bitmask/1994B.cpp", "C++", 0, 42, 1, 3, 46
"/home/kapusta/Документы/programming_tasks/CodeForcesRound/nar/bitmask/202A.cpp", "C++", 0, 33, 2, 1, 36
"/home/kapusta/Документы/programming_tasks/CodeForcesRound/nar/bitmask/467B.cpp", "C++", 0, 26, 0, 2, 28
"/home/kapusta/Документы/programming_tasks/CodeForcesRound/nar/bitmask/476B.cpp", "C++", 0, 35, 0, 2, 37
"/home/kapusta/Документы/programming_tasks/CodeForcesRound/nar/bitmask/535B.cpp", "C++", 0, 21, 0, 2, 23
"/home/kapusta/Документы/programming_tasks/CodeForcesRound/nar/bitmask/550B.cpp", "C++", 0, 28, 0, 2, 30
"/home/kapusta/Документы/programming_tasks/CodeForcesRound/nar/bitmask/579A.cpp", "C++", 0, 16, 0, 2, 18
"/home/kapusta/Документы/programming_tasks/CodeForcesRound/nar/brcube.cpp", "C++", 0, 21, 0, 1, 22
"/home/kapusta/Документы/programming_tasks/CodeForcesRound/nar/dp/1037C.cpp", "C++", 0, 52, 0, 2, 54
"/home/kapusta/Документы/programming_tasks/CodeForcesRound/nar/dp/1108D.cpp", "C++", 0, 24, 0, 2, 26
"/home/kapusta/Документы/programming_tasks/CodeForcesRound/nar/dp/1178B.cpp", "C++", 0, 18, 0, 2, 20
"/home/kapusta/Документы/programming_tasks/CodeForcesRound/nar/dp/1182A.cpp", "C++", 0, 15, 0, 2, 17
"/home/kapusta/Документы/programming_tasks/CodeForcesRound/nar/dp/1189C.cpp", "C++", 0, 37, 0, 2, 39
"/home/kapusta/Документы/programming_tasks/CodeForcesRound/nar/dp/1195C.cpp", "C++", 0, 29, 0, 2, 31
"/home/kapusta/Документы/programming_tasks/CodeForcesRound/nar/dp/1215B.cpp", "C++", 0, 28, 0, 3, 31
"/home/kapusta/Документы/programming_tasks/CodeForcesRound/nar/dp/1234C.cpp", "C++", 0, 49, 0, 4, 53
"/home/kapusta/Документы/programming_tasks/CodeForcesRound/nar/dp/1245C.cpp", "C++", 0, 27, 0, 2, 29
"/home/kapusta/Документы/programming_tasks/CodeForcesRound/nar/dp/1253C.cpp", "C++", 0, 28, 0, 2, 30
"/home/kapusta/Документы/programming_tasks/CodeForcesRound/nar/dp/1276A.cpp", "C++", 0, 48, 6, 3, 57
"/home/kapusta/Документы/programming_tasks/CodeForcesRound/nar/dp/1282B1.cpp", "C++", 0, 41, 4, 3, 48
"/home/kapusta/Документы/programming_tasks/CodeForcesRound/nar/dp/1285B.cpp", "C++", 0, 42, 0, 3, 45
"/home/kapusta/Документы/programming_tasks/CodeForcesRound/nar/dp/1320A.cpp", "C++", 0, 23, 0, 2, 25
"/home/kapusta/Документы/programming_tasks/CodeForcesRound/nar/dp/1343C.cpp", "C++", 0, 35, 0, 3, 38
"/home/kapusta/Документы/programming_tasks/CodeForcesRound/nar/dp/1350B.cpp", "C++", 0, 32, 0, 3, 35
"/home/kapusta/Документы/programming_tasks/CodeForcesRound/nar/dp/1354B.cpp", "C++", 0, 37, 0, 3, 40
"/home/kapusta/Документы/programming_tasks/CodeForcesRound/nar/dp/1360E.cpp", "C++", 0, 27, 0, 3, 30
"/home/kapusta/Документы/programming_tasks/CodeForcesRound/nar/dp/1380C.cpp", "C++", 0, 30, 0, 3, 33
"/home/kapusta/Документы/programming_tasks/CodeForcesRound/nar/dp/1415C.cpp", "C++", 0, 30, 0, 3, 33
"/home/kapusta/Документы/programming_tasks/CodeForcesRound/nar/dp/1451C.cpp", "C++", 0, 46, 0, 3, 49
"/home/kapusta/Документы/programming_tasks/CodeForcesRound/nar/dp/1459B.cpp", "C++", 0, 22, 0, 2, 24
"/home/kapusta/Документы/programming_tasks/CodeForcesRound/nar/dp/1461B.cpp", "C++", 0, 32, 0, 3, 35
"/home/kapusta/Документы/programming_tasks/CodeForcesRound/nar/dp/1461C.cpp", "C++", 0, 36, 0, 3, 39
"/home/kapusta/Документы/programming_tasks/CodeForcesRound/nar/dp/1466C.cpp", "C++", 0, 33, 0, 3, 36
"/home/kapusta/Документы/programming_tasks/CodeForcesRound/nar/dp/1470A.cpp", "C++", 0, 59, 0, 3, 62
"/home/kapusta/Документы/programming_tasks/CodeForcesRound/nar/dp/1475B.cpp", "C++", 0, 28, 0, 4, 32
"/home/kapusta/Документы/programming_tasks/CodeForcesRound/nar/dp/1519B.cpp", "C++", 0, 20, 1, 3, 24
"/home/kapusta/Документы/programming_tasks/CodeForcesRound/nar/dp/1526B.cpp", "C++", 0, 35, 0, 3, 38
"/home/kapusta/Документы/programming_tasks/CodeForcesRound/nar/dp/1535C.cpp", "C++", 0, 61, 0, 3, 64
"/home/kapusta/Документы/programming_tasks/CodeForcesRound/nar/dp/1536C.cpp", "C++", 0, 57, 2, 5, 64
"/home/kapusta/Документы/programming_tasks/CodeForcesRound/nar/dp/1555C.cpp", "C++", 0, 31, 0, 3, 34
"/home/kapusta/Документы/programming_tasks/CodeForcesRound/nar/dp/1660C.cpp", "C++", 0, 34, 0, 3, 37
"/home/kapusta/Документы/programming_tasks/CodeForcesRound/nar/dp/1673C.cpp", "C++", 0, 78, 5, 6, 89
"/home/kapusta/Документы/programming_tasks/CodeForcesRound/nar/dp/1703F.cpp", "C++", 0, 39, 0, 3, 42
"/home/kapusta/Документы/programming_tasks/CodeForcesRound/nar/dp/1706C.cpp", "C++", 0, 37, 0, 3, 40
"/home/kapusta/Документы/programming_tasks/CodeForcesRound/nar/dp/1753A2.cpp", "C++", 0, 65, 1, 3, 69
"/home/kapusta/Документы/programming_tasks/CodeForcesRound/nar/dp/1766C.cpp", "C++", 0, 50, 0, 3, 53
"/home/kapusta/Документы/programming_tasks/CodeForcesRound/nar/dp/1774C.cpp", "C++", 0, 29, 0, 3, 32
"/home/kapusta/Документы/programming_tasks/CodeForcesRound/nar/dp/180C.cpp", "C++", 0, 33, 0, 2, 35
"/home/kapusta/Документы/programming_tasks/CodeForcesRound/nar/dp/1811E.cpp", "C++", 0, 65, 0, 3, 68
"/home/kapusta/Документы/programming_tasks/CodeForcesRound/nar/dp/1842C.cpp", "C++", 0, 32, 0, 3, 35
"/home/kapusta/Документы/programming_tasks/CodeForcesRound/nar/dp/1847C.cpp", "C++", 0, 33, 0, 3, 36
"/home/kapusta/Документы/programming_tasks/CodeForcesRound/nar/dp/1858B.cpp", "C++", 0, 36, 1, 3, 40
"/home/kapusta/Документы/programming_tasks/CodeForcesRound/nar/dp/1860C.cpp", "C++", 0, 31, 0, 3, 34
"/home/kapusta/Документы/programming_tasks/CodeForcesRound/nar/dp/1879C.cpp", "C++", 0, 30, 0, 3, 33
"/home/kapusta/Документы/programming_tasks/CodeForcesRound/nar/dp/1881E.cpp", "C++", 0, 29, 0, 3, 32
"/home/kapusta/Документы/programming_tasks/CodeForcesRound/nar/dp/1883C.cpp", "C++", 0, 38, 0, 3, 41
"/home/kapusta/Документы/programming_tasks/CodeForcesRound/nar/dp/189A.cpp", "C++", 0, 21, 0, 2, 23
"/home/kapusta/Документы/programming_tasks/CodeForcesRound/nar/dp/1919C.cpp", "C++", 0, 47, 13, 8, 68
"/home/kapusta/Документы/programming_tasks/CodeForcesRound/nar/dp/1927D.cpp", "C++", 0, 50, 0, 3, 53
"/home/kapusta/Документы/programming_tasks/CodeForcesRound/nar/dp/1941B.cpp", "C++", 0, 34, 0, 3, 37
"/home/kapusta/Документы/programming_tasks/CodeForcesRound/nar/dp/1945D.cpp", "C++", 0, 29, 0, 3, 32
"/home/kapusta/Документы/programming_tasks/CodeForcesRound/nar/dp/289B.cpp", "C++", 0, 26, 0, 2, 28
"/home/kapusta/Документы/programming_tasks/CodeForcesRound/nar/dp/313B.cpp", "C++", 0, 20, 0, 2, 22
"/home/kapusta/Документы/programming_tasks/CodeForcesRound/nar/dp/327A.cpp", "C++", 0, 26, 0, 2, 28
"/home/kapusta/Документы/programming_tasks/CodeForcesRound/nar/dp/363B.cpp", "C++", 0, 28, 0, 2, 30
"/home/kapusta/Документы/programming_tasks/CodeForcesRound/nar/dp/414B.cpp", "C++", 0, 29, 0, 2, 31
"/home/kapusta/Документы/programming_tasks/CodeForcesRound/nar/dp/433B.cpp", "C++", 0, 32, 0, 2, 34
"/home/kapusta/Документы/programming_tasks/CodeForcesRound/nar/dp/489B.cpp", "C++", 0, 30, 0, 2, 32
"/home/kapusta/Документы/programming_tasks/CodeForcesRound/nar/dp/489C.cpp", "C++", 0, 34, 0, 2, 36
"/home/kapusta/Документы/programming_tasks/CodeForcesRound/nar/dp/534B.cpp", "C++", 0, 20, 0, 2, 22
"/home/kapusta/Документы/programming_tasks/CodeForcesRound/nar/dp/538B.cpp", "C++", 0, 48, 0, 4, 52
"/home/kapusta/Документы/programming_tasks/CodeForcesRound/nar/dp/548B.cpp", "C++", 0, 41, 0, 3, 44
"/home/kapusta/Документы/programming_tasks/CodeForcesRound/nar/dp/580A.cpp", "C++", 0, 26, 0, 2, 28
"/home/kapusta/Документы/programming_tasks/CodeForcesRound/nar/dp/628B.cpp", "C++", 0, 23, 0, 2, 25
"/home/kapusta/Документы/programming_tasks/CodeForcesRound/nar/dp/665C.cpp", "C++", 0, 18, 0, 2, 20
"/home/kapusta/Документы/programming_tasks/CodeForcesRound/nar/dp/706B.cpp", "C++", 0, 33, 0, 2, 35
"/home/kapusta/Документы/programming_tasks/CodeForcesRound/nar/dp/797B.cpp", "C++", 0, 31, 0, 2, 33
"/home/kapusta/Документы/programming_tasks/CodeForcesRound/nar/dp/798B.cpp", "C++", 0, 38, 1, 2, 41
"/home/kapusta/Документы/programming_tasks/CodeForcesRound/nar/dp/877B.cpp", "C++", 0, 38, 0, 2, 40
"/home/kapusta/Документы/programming_tasks/CodeForcesRound/nar/dp/987C.cpp", "C++", 0, 36, 0, 2, 38
"/home/kapusta/Документы/programming_tasks/CodeForcesRound/nar/eltable.cpp", "C++", 0, 59, 2, 3, 64
"/home/kapusta/Документы/programming_tasks/CodeForcesRound/nar/fructs.cpp", "C++", 0, 41, 7, 1, 49
"/home/kapusta/Документы/programming_tasks/CodeForcesRound/nar/gameOfSumm.cpp", "C++", 0, 37, 0, 1, 38
"/home/kapusta/Документы/programming_tasks/CodeForcesRound/nar/gvosdiki.cpp", "C++", 0, 21, 6, 1, 28
"/home/kapusta/Документы/programming_tasks/CodeForcesRound/nar/king.cpp", "C++", 0, 36, 2, 1, 39
"/home/kapusta/Документы/programming_tasks/CodeForcesRound/nar/spell.cpp", "C++", 0, 25, 0, 2, 27
"/home/kapusta/Документы/programming_tasks/CodeForcesRound/nar/teatralPl.cpp", "C++", 0, 12, 0, 2, 14
"/home/kapusta/Документы/programming_tasks/CodeForcesRound/nar/vp.cpp", "C++", 0, 35, 2, 2, 39
"/home/kapusta/Документы/programming_tasks/CodeForcesRound/nar/vp2.cpp", "C++", 0, 41, 1, 2, 44
"/home/kapusta/Документы/programming_tasks/CodeForcesRound/nar/vp3.cpp", "C++", 0, 40, 7, 3, 50
"/home/kapusta/Документы/programming_tasks/DANO/a.cpp", "C++", 0, 0, 0, 1, 1
"/home/kapusta/Документы/programming_tasks/DANO/a.py", "Python", 0, 0, 0, 1, 1
"/home/kapusta/Документы/programming_tasks/Graphs/Deixtra/a.cpp", "C++", 0, 47, 0, 10, 57
"/home/kapusta/Документы/programming_tasks/Graphs/Deixtra/b.cpp", "C++", 0, 54, 1, 9, 64
"/home/kapusta/Документы/programming_tasks/Graphs/a.cpp", "C++", 0, 14, 0, 1, 15
"/home/kapusta/Документы/programming_tasks/Graphs/kirillSedow.cpp", "C++", 0, 50, 5, 1, 56
"/home/kapusta/Документы/programming_tasks/Graphs/love_triangle.cpp", "C++", 0, 36, 5, 2, 43
"/home/kapusta/Документы/programming_tasks/Graphs/ozera.cpp", "C++", 0, 65, 39, 5, 109
"/home/kapusta/Документы/programming_tasks/Graphs/rec_max.cpp", "C++", 0, 11, 1, 3, 15
"/home/kapusta/Документы/programming_tasks/ITMO/otb/a.cpp", "C++", 0, 39, 5, 2, 46
"/home/kapusta/Документы/programming_tasks/ITMO/otb/b.cpp", "C++", 0, 67, 7, 4, 78
"/home/kapusta/Документы/programming_tasks/ITMO/otb/c.cpp", "C++", 0, 12, 0, 4, 16
"/home/kapusta/Документы/programming_tasks/ITMO/otb/c.py", "Python", 2, 0, 0, 1, 3
"/home/kapusta/Документы/programming_tasks/ITMO/otb/d.cpp", "C++", 0, 72, 4, 2, 78
"/home/kapusta/Документы/programming_tasks/ITMO/otb/e.cpp", "C++", 0, 107, 7, 6, 120
"/home/kapusta/Документы/programming_tasks/ITMO/otb/solver.cpp", "C++", 0, 51, 5, 7, 63
"/home/kapusta/Документы/programming_tasks/ITMO/zakl/a.cpp", "C++", 0, 14, 0, 1, 15
"/home/kapusta/Документы/programming_tasks/ITMO/zakl/b.cpp", "C++", 0, 73, 14, 6, 93
"/home/kapusta/Документы/programming_tasks/ITMO/zakl/c.cpp", "C++", 0, 30, 0, 3, 33
"/home/kapusta/Документы/programming_tasks/ITMO/zakl/d.cpp", "C++", 0, 111, 5, 5, 121
"/home/kapusta/Документы/programming_tasks/ITMO/zakl/e.cpp", "C++", 0, 60, 12, 5, 77
"/home/kapusta/Документы/programming_tasks/ITMO/zakl/f.cpp", "C++", 0, 12, 15, 2, 29
"/home/kapusta/Документы/programming_tasks/ITMO/zakl/g.cpp", "C++", 0, 30, 12, 3, 45
"/home/kapusta/Документы/programming_tasks/MOS/a.cpp", "C++", 0, 18, 0, 2, 20
"/home/kapusta/Документы/programming_tasks/MOS/b.cpp", "C++", 0, 40, 1, 3, 44
"/home/kapusta/Документы/programming_tasks/MOS/c.cpp", "C++", 0, 44, 6, 2, 52
"/home/kapusta/Документы/programming_tasks/MOS/d.cpp", "C++", 0, 60, 31, 3, 94
"/home/kapusta/Документы/programming_tasks/MOS/d2.cpp", "C++", 0, 52, 20, 4, 76
"/home/kapusta/Документы/programming_tasks/MOS/d3.cpp", "C++", 0, 50, 23, 4, 77
"/home/kapusta/Документы/programming_tasks/MOS/d4.cpp", "C++", 0, 43, 0, 4, 47
"/home/kapusta/Документы/programming_tasks/MOS/d5.cpp", "C++", 0, 43, 0, 4, 47
"/home/kapusta/Документы/programming_tasks/MOS/d6.cpp", "C++", 0, 61, 9, 2, 72
"/home/kapusta/Документы/programming_tasks/MOS/e.cpp", "C++", 0, 64, 13, 9, 86
"/home/kapusta/Документы/programming_tasks/MOS/e2.cpp", "C++", 0, 54, 10, 5, 69
"/home/kapusta/Документы/programming_tasks/MOS/f.cpp", "C++", 0, 26, 13, 2, 41
"/home/kapusta/Документы/programming_tasks/MOS/f2.cpp", "C++", 0, 33, 12, 1, 46
"/home/kapusta/Документы/programming_tasks/MOS/f3.cpp", "C++", 0, 12, 0, 2, 14
"/home/kapusta/Документы/programming_tasks/REG/2013/a.cpp", "C++", 0, 22, 1, 2, 25
"/home/kapusta/Документы/programming_tasks/REG/2022/a.cpp", "C++", 0, 42, 16, 1, 59
"/home/kapusta/Документы/programming_tasks/REG/2022/b.cpp", "C++", 0, 169, 1, 7, 177
"/home/kapusta/Документы/programming_tasks/REG/2023/a.cpp", "C++", 0, 37, 1, 3, 41
"/home/kapusta/Документы/programming_tasks/REG/sbory/a.cpp", "C++", 0, 38, 0, 7, 45
"/home/kapusta/Документы/programming_tasks/SF/a.cpp", "C++", 0, 27, 0, 1, 28
"/home/kapusta/Документы/programming_tasks/SF/b.cpp", "C++", 0, 50, 0, 6, 56
"/home/kapusta/Документы/programming_tasks/SF/c.cpp", "C++", 0, 124, 21, 5, 150
"/home/kapusta/Документы/programming_tasks/SF/d.cpp", "C++", 0, 37, 0, 3, 40
"/home/kapusta/Документы/programming_tasks/SF/e.cpp", "C++", 0, 25, 0, 2, 27
"/home/kapusta/Документы/programming_tasks/SF/f.cpp", "C++", 0, 50, 12, 2, 64
"/home/kapusta/Документы/programming_tasks/SSY/otbor/a.cpp", "C++", 0, 31, 0, 2, 33
"/home/kapusta/Документы/programming_tasks/Verchenko/ol2024/b.cpp", "C++", 0, 47, 1, 5, 53
"/home/kapusta/Документы/programming_tasks/Verchenko/test/a.cpp", "C++", 0, 20, 0, 3, 23
"/home/kapusta/Документы/programming_tasks/Verchenko/test/b.cpp", "C++", 0, 19, 0, 1, 20
"/home/kapusta/Документы/programming_tasks/Verchenko/test/c.cpp", "C++", 0, 18, 0, 2, 20
"/home/kapusta/Документы/programming_tasks/Verchenko/test2/b.cpp", "C++", 0, 32, 0, 4, 36
"/home/kapusta/Документы/programming_tasks/Verchenko/test2/c.cpp", "C++", 0, 20, 0, 2, 22
"/home/kapusta/Документы/programming_tasks/Verchenko/test2/d.cpp", "C++", 0, 19, 0, 4, 23
"/home/kapusta/Документы/programming_tasks/a.py", "Python", 18, 0, 0, 4, 22
"/home/kapusta/Документы/programming_tasks/acmp/1106.cpp", "C++", 0, 23, 0, 2, 25
"/home/kapusta/Документы/programming_tasks/acmp/1193.cpp", "C++", 0, 13, 0, 2, 15
"/home/kapusta/Документы/programming_tasks/acmp/1593.cpp", "C++", 0, 8, 0, 3, 11
"/home/kapusta/Документы/programming_tasks/acmp/1717.cpp", "C++", 0, 13, 0, 2, 15
"/home/kapusta/Документы/programming_tasks/acmp/1780.cpp", "C++", 0, 41, 6, 4, 51
"/home/kapusta/Документы/programming_tasks/acmp/1780.py", "Python", 29, 0, 5, 8, 42
"/home/kapusta/Документы/programming_tasks/acmp/1946.cpp", "C++", 0, 20, 0, 2, 22
"/home/kapusta/Документы/programming_tasks/acmp/1949.cpp", "C++", 0, 20, 1, 2, 23
"/home/kapusta/Документы/programming_tasks/acmp/1951.cpp", "C++", 0, 35, 2, 2, 39
"/home/kapusta/Документы/programming_tasks/acmp/a+b.cpp", "C++", 0, 9, 0, 1, 10
"/home/kapusta/Документы/programming_tasks/acmp/id0003.cpp", "C++", 0, 9, 0, 1, 10
"/home/kapusta/Документы/programming_tasks/acmp/id121.cpp", "C++", 0, 20, 0, 1, 21
"/home/kapusta/Документы/programming_tasks/acmp/id14.cpp", "C++", 0, 19, 0, 2, 21
"/home/kapusta/Документы/programming_tasks/acmp/id147.cpp", "C++", 0, 15, 0, 1, 16
"/home/kapusta/Документы/programming_tasks/acmp/id148.cpp", "C++", 0, 20, 0, 2, 22
"/home/kapusta/Документы/programming_tasks/acmp/id170.cpp", "C++", 0, 29, 2, 2, 33
"/home/kapusta/Документы/programming_tasks/acmp/id2.cpp", "C++", 0, 19, 0, 1, 20
"/home/kapusta/Документы/programming_tasks/acmp/id23.cpp", "C++", 0, 14, 0, 1, 15
"/home/kapusta/Документы/programming_tasks/acmp/id250.cpp", "C++", 0, 33, 0, 2, 35
"/home/kapusta/Документы/programming_tasks/acmp/id271.cpp", "C++", 0, 33, 1, 2, 36
"/home/kapusta/Документы/programming_tasks/acmp/id274.cpp", "C++", 0, 34, 0, 2, 36
"/home/kapusta/Документы/programming_tasks/acmp/id296.cpp", "C++", 0, 19, 0, 1, 20
"/home/kapusta/Документы/programming_tasks/acmp/id318.cpp", "C++", 0, 16, 0, 1, 17
"/home/kapusta/Документы/programming_tasks/acmp/id318n2.cpp", "C++", 0, 26, 1, 1, 28
"/home/kapusta/Документы/programming_tasks/acmp/id323.cpp", "C++", 0, 26, 2, 3, 31
"/home/kapusta/Документы/programming_tasks/acmp/id327.cpp", "C++", 0, 26, 0, 2, 28
"/home/kapusta/Документы/programming_tasks/acmp/id357.cpp", "C++", 0, 22, 0, 1, 23
"/home/kapusta/Документы/programming_tasks/acmp/id457.cpp", "C++", 0, 30, 0, 2, 32
"/home/kapusta/Документы/programming_tasks/acmp/id51.cpp", "C++", 0, 14, 0, 1, 15
"/home/kapusta/Документы/programming_tasks/acmp/id52.cpp", "C++", 0, 17, 0, 1, 18
"/home/kapusta/Документы/programming_tasks/acmp/id526.cpp", "C++", 0, 42, 2, 2, 46
"/home/kapusta/Документы/programming_tasks/acmp/id554.cpp", "C++", 0, 7, 0, 1, 8
"/home/kapusta/Документы/programming_tasks/acmp/id576.cpp", "C++", 0, 26, 0, 2, 28
"/home/kapusta/Документы/programming_tasks/acmp/id577.cpp", "C++", 0, 23, 0, 3, 26
"/home/kapusta/Документы/programming_tasks/acmp/id664.cpp", "C++", 0, 12, 0, 2, 14
"/home/kapusta/Документы/programming_tasks/acmp/id785.cpp", "C++", 0, 25, 1, 2, 28
"/home/kapusta/Документы/programming_tasks/acmp/id79.cpp", "C++", 0, 13, 0, 1, 14
"/home/kapusta/Документы/programming_tasks/acmp/id792.cpp", "C++", 0, 22, 0, 2, 24
"/home/kapusta/Документы/programming_tasks/acmp/id842.cpp", "C++", 0, 19, 0, 2, 21
"/home/kapusta/Документы/programming_tasks/acmp/negl.cpp", "C++", 0, 8, 0, 1, 9
"/home/kapusta/Документы/programming_tasks/acmp/sorts.cpp", "C++", 0, 121, 6, 10, 137
"/home/kapusta/Документы/programming_tasks/ariphmetic/evklid.py", "Python", 10, 0, 0, 2, 12
"/home/kapusta/Документы/programming_tasks/ariphmetic/rasloj_na_prime.py", "Python", 18, 0, 0, 1, 19
"/home/kapusta/Документы/programming_tasks/ariphmetic/sum_drob.py", "Python", 8, 0, 0, 4, 12
"/home/kapusta/Документы/programming_tasks/belchonok/a.cpp", "C++", 0, 23, 1, 2, 26
"/home/kapusta/Документы/programming_tasks/belchonok/a.py", "Python", 16, 0, 0, 1, 17
"/home/kapusta/Документы/programming_tasks/belchonok/b.cpp", "C++", 0, 41, 1, 3, 45
"/home/kapusta/Документы/programming_tasks/cappa/min.py", "Python", 92, 0, 3, 5, 100
"/home/kapusta/Документы/programming_tasks/cappa/min2.py", "Python", 9, 0, 0, 2, 11
"/home/kapusta/Документы/programming_tasks/ch/a.cpp", "C++", 0, 22, 0, 0, 22
"/home/kapusta/Документы/programming_tasks/ch/b.cpp", "C++", 0, 29, 0, 0, 29
"/home/kapusta/Документы/programming_tasks/ch/c.cpp", "C++", 0, 37, 0, 2, 39
"/home/kapusta/Документы/programming_tasks/ch/d.cpp", "C++", 0, 32, 6, 5, 43
"/home/kapusta/Документы/programming_tasks/ch/e.cpp", "C++", 0, 40, 0, 3, 43
"/home/kapusta/Документы/programming_tasks/ch/f.cpp", "C++", 0, 69, 0, 6, 75
"/home/kapusta/Документы/programming_tasks/ch/g.cpp", "C++", 0, 80, 0, 2, 82
"/home/kapusta/Документы/programming_tasks/ch/j.cpp", "C++", 0, 34, 2, 2, 38
"/home/kapusta/Документы/programming_tasks/ch/l.cpp", "C++", 0, 53, 0, 5, 58
"/home/kapusta/Документы/programming_tasks/dop/otbor/a.cpp", "C++", 0, 22, 0, 2, 24
"/home/kapusta/Документы/programming_tasks/dop/otbor/c.cpp", "C++", 0, 36, 2, 3, 41
"/home/kapusta/Документы/programming_tasks/dop/otbor/d.cpp", "C++", 0, 17, 0, 2, 19
"/home/kapusta/Документы/programming_tasks/dop/otbor/e.cpp", "C++", 0, 57, 7, 3, 67
"/home/kapusta/Документы/programming_tasks/dop/otbor/e2.cpp", "C++", 0, 27, 2, 3, 32
"/home/kapusta/Документы/programming_tasks/dop/otbor/f.cpp", "C++", 0, 24, 3, 2, 29
"/home/kapusta/Документы/programming_tasks/dop/otbor/g.cpp", "C++", 0, 21, 0, 2, 23
"/home/kapusta/Документы/programming_tasks/dop/otbor/h.cpp", "C++", 0, 34, 3, 2, 39
"/home/kapusta/Документы/programming_tasks/dop/otbor/i.cpp", "C++", 0, 53, 0, 3, 56
"/home/kapusta/Документы/programming_tasks/dop/otbor/i2.cpp", "C++", 0, 40, 3, 5, 48
"/home/kapusta/Документы/programming_tasks/dop/otbor/i3.cpp", "C++", 0, 44, 4, 4, 52
"/home/kapusta/Документы/programming_tasks/dop/otbor/j.cpp", "C++", 0, 27, 1, 3, 31
"/home/kapusta/Документы/programming_tasks/dynamic/banck.py", "Python", 18, 0, 0, 2, 20
"/home/kapusta/Документы/programming_tasks/dynamic/calculator.py", "Python", 23, 0, 0, 1, 24
"/home/kapusta/Документы/programming_tasks/dynamic/checker.py", "Python", 13, 0, 0, 1, 14
"/home/kapusta/Документы/programming_tasks/dynamic/fib1.cpp", "C++", 0, 0, 0, 1, 1
"/home/kapusta/Документы/programming_tasks/dynamic/fib1.py", "Python", 7, 0, 0, 2, 9
"/home/kapusta/Документы/programming_tasks/dynamic/fib2.py", "Python", 6, 0, 0, 4, 10
"/home/kapusta/Документы/programming_tasks/dynamic/gvozdi.py", "Python", 16, 0, 2, 5, 23
"/home/kapusta/Документы/programming_tasks/dynamic/hitr_posl.py", "Python", 11, 0, 0, 2, 13
"/home/kapusta/Документы/programming_tasks/dynamic/hpf.py", "Python", 9, 0, 1, 2, 12
"/home/kapusta/Документы/programming_tasks/dynamic/kus2.py", "Python", 6, 0, 0, 3, 9
"/home/kapusta/Документы/programming_tasks/dynamic/kus3.py", "Python", 10, 0, 1, 3, 14
"/home/kapusta/Документы/programming_tasks/dynamic/kus4.py", "Python", 9, 0, 1, 3, 13
"/home/kapusta/Документы/programming_tasks/dynamic/kus5.py", "Python", 11, 0, 1, 3, 15
"/home/kapusta/Документы/programming_tasks/dynamic/kus6.py", "Python", 10, 0, 2, 3, 15
"/home/kapusta/Документы/programming_tasks/dynamic/kusnechik.py", "Python", 6, 0, 0, 3, 9
"/home/kapusta/Документы/programming_tasks/dynamic/lcs.py", "Python", 16, 0, 1, 1, 18
"/home/kapusta/Документы/programming_tasks/dynamic/lcsd.py", "Python", 20, 0, 0, 2, 22
"/home/kapusta/Документы/programming_tasks/dynamic/othodi2.py", "Python", 14, 0, 0, 2, 16
"/home/kapusta/Документы/programming_tasks/dynamic/pascal_tr.py", "Python", 15, 0, 0, 0, 15
"/home/kapusta/Документы/programming_tasks/dynamic/rukzak.py", "Python", 13, 0, 0, 2, 15
"/home/kapusta/Документы/programming_tasks/dynamic/sum_cubes.cpp", "C++", 0, 27, 1, 2, 30
"/home/kapusta/Документы/programming_tasks/dynamic/sum_cubes.py", "Python", 17, 0, 0, 4, 21
"/home/kapusta/Документы/programming_tasks/dynamic/sum_cubesD.py", "Python", 9, 0, 0, 2, 11
"/home/kapusta/Документы/programming_tasks/dynamic/tribonachchi.py", "Python", 8, 0, 0, 3, 11
"/home/kapusta/Документы/programming_tasks/dynamic/zero_one.py", "Python", 15, 0, 1, 2, 18
"/home/kapusta/Документы/programming_tasks/fucking_python_in_minecraft/otbor/1.py", "Python", 3, 0, 0, 1, 4
"/home/kapusta/Документы/programming_tasks/fucking_python_in_minecraft/otbor/2.py", "Python", 8, 0, 0, 1, 9
"/home/kapusta/Документы/programming_tasks/fucking_python_in_minecraft/otbor/3.py", "Python", 5, 0, 0, 2, 7
"/home/kapusta/Документы/programming_tasks/fucking_python_in_minecraft/otbor/4.py", "Python", 7, 0, 0, 1, 8
"/home/kapusta/Документы/programming_tasks/fucking_python_in_minecraft/otbor/5.py", "Python", 9, 0, 0, 2, 11
"/home/kapusta/Документы/programming_tasks/fucking_python_in_minecraft/otbor/6.py", "Python", 5, 0, 0, 2, 7
"/home/kapusta/Документы/programming_tasks/inform/1/a.cpp", "C++", 0, 20, 0, 3, 23
"/home/kapusta/Документы/programming_tasks/inform/1/b.cpp", "C++", 0, 25, 0, 2, 27
"/home/kapusta/Документы/programming_tasks/inform/1/c.cpp", "C++", 0, 16, 0, 2, 18
"/home/kapusta/Документы/programming_tasks/inform/1/d.cpp", "C++", 0, 50, 0, 2, 52
"/home/kapusta/Документы/programming_tasks/inform/1/d2.cpp", "C++", 0, 49, 0, 2, 51
"/home/kapusta/Документы/programming_tasks/inform/1/d3.cpp", "C++", 0, 99, 15, 5, 119
"/home/kapusta/Документы/programming_tasks/inform/1/e.cpp", "C++", 0, 16, 0, 2, 18
"/home/kapusta/Документы/programming_tasks/inform/1/f.cpp", "C++", 0, 31, 2, 2, 35
"/home/kapusta/Документы/programming_tasks/inform/1/f.py", "Python", 19, 0, 0, 1, 20
"/home/kapusta/Документы/programming_tasks/inform/1/g.cpp", "C++", 0, 25, 0, 2, 27
"/home/kapusta/Документы/programming_tasks/inform/2/a.cpp", "C++", 0, 17, 0, 3, 20
"/home/kapusta/Документы/programming_tasks/inform/2/a_graph.cpp", "C++", 0, 14, 0, 6, 20
"/home/kapusta/Документы/programming_tasks/inform/2/b.cpp", "C++", 0, 30, 4, 3, 37
"/home/kapusta/Документы/programming_tasks/inform/2/b2.cpp", "C++", 0, 35, 3, 2, 40
"/home/kapusta/Документы/programming_tasks/inform/2/d.cpp", "C++", 0, 25, 0, 1, 26
"/home/kapusta/Документы/programming_tasks/inform/2/e.cpp", "C++", 0, 34, 2, 1, 37
"/home/kapusta/Документы/programming_tasks/inform/2/f.cpp", "C++", 0, 11, 0, 0, 11
"/home/kapusta/Документы/programming_tasks/inform/2/g.cpp", "C++", 0, 26, 0, 2, 28
"/home/kapusta/Документы/programming_tasks/inform/2/g3.cpp", "C++", 0, 36, 1, 2, 39
"/home/kapusta/Документы/programming_tasks/inform/3/a.cpp", "C++", 0, 20, 0, 3, 23
"/home/kapusta/Документы/programming_tasks/inform/3/b.cpp", "C++", 0, 34, 0, 2, 36
"/home/kapusta/Документы/programming_tasks/inform/3/c.cpp", "C++", 0, 41, 0, 2, 43
"/home/kapusta/Документы/programming_tasks/inform/3/d.cpp", "C++", 0, 17, 0, 2, 19
"/home/kapusta/Документы/programming_tasks/inform/3/e.cpp", "C++", 0, 24, 0, 2, 26
"/home/kapusta/Документы/programming_tasks/inform/3/f.cpp", "C++", 0, 15, 0, 2, 17
"/home/kapusta/Документы/programming_tasks/inform/3/g.cpp", "C++", 0, 35, 0, 4, 39
"/home/kapusta/Документы/programming_tasks/inform/3/h.cpp", "C++", 0, 17, 0, 2, 19
"/home/kapusta/Документы/programming_tasks/inform/3/i.cpp", "C++", 0, 17, 0, 2, 19
"/home/kapusta/Документы/programming_tasks/inform/3/j.cpp", "C++", 0, 18, 0, 2, 20
"/home/kapusta/Документы/programming_tasks/inform/4/a.cpp", "C++", 0, 16, 0, 2, 18
"/home/kapusta/Документы/programming_tasks/inform/4/b.cpp", "C++", 0, 42, 3, 4, 49
"/home/kapusta/Документы/programming_tasks/inform/4/b2.cpp", "C++", 0, 27, 0, 4, 31
"/home/kapusta/Документы/programming_tasks/inform/4/b3.cpp", "C++", 0, 22, 3, 2, 27
"/home/kapusta/Документы/programming_tasks/inform/4/c.cpp", "C++", 0, 17, 0, 2, 19
"/home/kapusta/Документы/programming_tasks/inform/4/d.cpp", "C++", 0, 33, 1, 3, 37
"/home/kapusta/Документы/programming_tasks/inform/4/d2.cpp", "C++", 0, 33, 0, 2, 35
"/home/kapusta/Документы/programming_tasks/inform/4/e.cpp", "C++", 0, 29, 0, 2, 31
"/home/kapusta/Документы/programming_tasks/inform/4/f.cpp", "C++", 0, 46, 2, 4, 52
"/home/kapusta/Документы/programming_tasks/inform/4/h.cpp", "C++", 0, 13, 0, 2, 15
"/home/kapusta/Документы/programming_tasks/inform/4/i.cpp", "C++", 0, 13, 0, 2, 15
"/home/kapusta/Документы/programming_tasks/inform/4/j.cpp", "C++", 0, 57, 0, 4, 61
"/home/kapusta/Документы/programming_tasks/inform/4/nf.cpp", "C++", 0, 17, 0, 2, 19
"/home/kapusta/Документы/programming_tasks/inform/5/b.py", "Python", 5, 0, 0, 1, 6
"/home/kapusta/Документы/programming_tasks/inform/5/d.py", "Python", 2, 0, 0, 2, 4
"/home/kapusta/Документы/programming_tasks/inform/5/f.cpp", "C++", 0, 10, 0, 0, 10
"/home/kapusta/Документы/programming_tasks/inform/5/f.py", "Python", 10, 0, 0, 1, 11
"/home/kapusta/Документы/programming_tasks/inform/5/g.py", "Python", 7, 0, 0, 1, 8
"/home/kapusta/Документы/programming_tasks/inform/5/h.cpp", "C++", 0, 15, 0, 2, 17
"/home/kapusta/Документы/programming_tasks/inform/5/h.py", "Python", 21, 0, 0, 1, 22
"/home/kapusta/Документы/programming_tasks/inform/5cpp/c.cpp", "C++", 0, 16, 0, 2, 18
"/home/kapusta/Документы/programming_tasks/inform/5cpp/f.cpp", "C++", 0, 29, 3, 2, 34
"/home/kapusta/Документы/programming_tasks/inform/5cpp/g.cpp", "C++", 0, 21, 0, 2, 23
"/home/kapusta/Документы/programming_tasks/inform/5cpp/h.cpp", "C++", 0, 27, 0, 4, 31
"/home/kapusta/Документы/programming_tasks/inform/6/a.cpp", "C++", 0, 10, 0, 1, 11
"/home/kapusta/Документы/programming_tasks/inform/7/a.cpp", "C++", 0, 29, 0, 4, 33
"/home/kapusta/Документы/programming_tasks/inform/7/b.cpp", "C++", 0, 21, 0, 2, 23
"/home/kapusta/Документы/programming_tasks/inform/7/c.cpp", "C++", 0, 25, 0, 2, 27
"/home/kapusta/Документы/programming_tasks/inform/8/a.cpp", "C++", 0, 53, 0, 2, 55
"/home/kapusta/Документы/programming_tasks/inform/8/b.cpp", "C++", 0, 40, 0, 2, 42
"/home/kapusta/Документы/programming_tasks/inform/8/c.cpp", "C++", 0, 22, 0, 2, 24
"/home/kapusta/Документы/programming_tasks/inform/8/c2.cpp", "C++", 0, 18, 0, 2, 20
"/home/kapusta/Документы/programming_tasks/inform/8/d.cpp", "C++", 0, 29, 0, 2, 31
"/home/kapusta/Документы/programming_tasks/inform/8/d2.cpp", "C++", 0, 41, 2, 5, 48
"/home/kapusta/Документы/programming_tasks/inform/8/e.cpp", "C++", 0, 24, 0, 2, 26
"/home/kapusta/Документы/programming_tasks/inform/9/a.cpp", "C++", 0, 55, 0, 2, 57
"/home/kapusta/Документы/programming_tasks/inform/dop/1/a.py", "Python", 13, 0, 0, 5, 18
"/home/kapusta/Документы/programming_tasks/inform/dop/1/b.py", "Python", 11, 0, 1, 2, 14
"/home/kapusta/Документы/programming_tasks/inform/ol1/a.cpp", "C++", 0, 11, 0, 3, 14
"/home/kapusta/Документы/programming_tasks/inform/ol1/b.cpp", "C++", 0, 25, 0, 2, 27
"/home/kapusta/Документы/programming_tasks/inform/ol1/d.cpp", "C++", 0, 44, 0, 4, 48
"/home/kapusta/Документы/programming_tasks/inform/ol1/e.cpp", "C++", 0, 8, 0, 3, 11
"/home/kapusta/Документы/programming_tasks/inform/ol2/a.cpp", "C++", 0, 25, 0, 5, 30
"/home/kapusta/Документы/programming_tasks/informatics/1.cpp", "C++", 0, 21, 0, 1, 22
"/home/kapusta/Документы/programming_tasks/informatics/another_game.cpp", "C++", 0, 10, 0, 5, 15
"/home/kapusta/Документы/programming_tasks/informatics/app_bin_search.cpp", "C++", 0, 8, 0, 1, 9
"/home/kapusta/Документы/programming_tasks/informatics/approximate_bin_search.cpp", "C++", 0, 29, 0, 1, 30
"/home/kapusta/Документы/programming_tasks/informatics/bin_search.cpp", "C++", 0, 33, 1, 1, 35
"/home/kapusta/Документы/programming_tasks/informatics/collums.cpp", "C++", 0, 22, 0, 1, 23
"/home/kapusta/Документы/programming_tasks/informatics/cows_in_stoils.py", "Python", 27, 0, 1, 3, 31
"/home/kapusta/Документы/programming_tasks/informatics/diplomi.cpp", "C++", 0, 18, 0, 1, 19
"/home/kapusta/Документы/programming_tasks/informatics/droids.cpp", "C++", 0, 22, 0, 1, 23
"/home/kapusta/Документы/programming_tasks/informatics/kontest.cpp", "C++", 0, 46, 0, 4, 50
"/home/kapusta/Документы/programming_tasks/informatics/matrix.py", "Python", 10, 0, 0, 1, 11
"/home/kapusta/Документы/programming_tasks/informatics/max_on_start.cpp", "C++", 0, 23, 0, 2, 25
"/home/kapusta/Документы/programming_tasks/informatics/max_on_start.py", "Python", 2, 0, 0, 2, 4
"/home/kapusta/Документы/programming_tasks/innopolisOpen/first_tour/a.cpp", "C++", 0, 33, 1, 1, 35
"/home/kapusta/Документы/programming_tasks/innopolisOpen/first_tour/a2.cpp", "C++", 0, 41, 0, 1, 42
"/home/kapusta/Документы/programming_tasks/innopolisOpen/first_tour/b.cpp", "C++", 0, 31, 9, 4, 44
"/home/kapusta/Документы/programming_tasks/innopolisOpen/first_tour/b2.cpp", "C++", 0, 39, 0, 3, 42
"/home/kapusta/Документы/programming_tasks/innopolisOpen/first_tour/base.cpp", "C++", 0, 10, 0, 2, 12
"/home/kapusta/Документы/programming_tasks/innopolisOpen/first_tour/c.cpp", "C++", 0, 57, 1, 2, 60
"/home/kapusta/Документы/programming_tasks/innopolisOpen/first_tour/d.cpp", "C++", 0, 10, 0, 2, 12
"/home/kapusta/Документы/programming_tasks/innopolisOpen/first_tour/e.cpp", "C++", 0, 10, 0, 2, 12
"/home/kapusta/Документы/programming_tasks/innopolisOpen/test_tour/a.cpp", "C++", 0, 9, 0, 1, 10
"/home/kapusta/Документы/programming_tasks/innopolisOpen/test_tour/a.py", "Python", 3, 0, 0, 0, 3
"/home/kapusta/Документы/programming_tasks/innopolisOpen/test_tour/b.cpp", "C++", 0, 17, 0, 1, 18
"/home/kapusta/Документы/programming_tasks/innopolisOpen/test_tour/b.py", "Python", 2, 0, 0, 1, 3
"/home/kapusta/Документы/programming_tasks/innopolisOpen/test_tour/c.cpp", "C++", 0, 17, 0, 1, 18
"/home/kapusta/Документы/programming_tasks/innopolisOpen/test_tour/d.cpp", "C++", 0, 43, 2, 5, 50
"/home/kapusta/Документы/programming_tasks/innopolisOpen/test_tour/e.cpp", "C++", 0, 28, 1, 3, 32
"/home/kapusta/Документы/programming_tasks/ipc/rand/1.cpp", "C++", 0, 46, 0, 5, 51
"/home/kapusta/Документы/programming_tasks/ipc/rand/2.cpp", "C++", 0, 26, 0, 2, 28
"/home/kapusta/Документы/programming_tasks/ipc/rand/3.cpp", "C++", 0, 50, 8, 10, 68
"/home/kapusta/Документы/programming_tasks/ipc/rand/3_2.cpp", "C++", 0, 33, 2, 4, 39
"/home/kapusta/Документы/programming_tasks/izumrud/a.cpp", "C++", 0, 11, 0, 1, 12
"/home/kapusta/Документы/programming_tasks/izumrud/b.cpp", "C++", 0, 20, 0, 2, 22
"/home/kapusta/Документы/programming_tasks/izumrud/c.cpp", "C++", 0, 24, 0, 3, 27
"/home/kapusta/Документы/programming_tasks/izumrud/d.cpp", "C++", 0, 26, 0, 3, 29
"/home/kapusta/Документы/programming_tasks/izumrud/e.cpp", "C++", 0, 34, 2, 3, 39
"/home/kapusta/Документы/programming_tasks/lomonosov/a.cpp", "C++", 0, 82, 3, 6, 91
"/home/kapusta/Документы/programming_tasks/lomonosov/b.cpp", "C++", 0, 49, 4, 1, 54
"/home/kapusta/Документы/programming_tasks/lomonosov/c.cpp", "C++", 0, 30, 0, 1, 31
"/home/kapusta/Документы/programming_tasks/lomonosov/e.cpp", "C++", 0, 92, 15, 11, 118
"/home/kapusta/Документы/programming_tasks/lomonosov/hello.cpp", "C++", 0, 5, 0, 1, 6
"/home/kapusta/Документы/programming_tasks/lomonosov/otb2024/a.cpp", "C++", 0, 44, 0, 4, 48
"/home/kapusta/Документы/programming_tasks/lomonosov/otb2024/b.cpp", "C++", 0, 34, 0, 2, 36
"/home/kapusta/Документы/programming_tasks/lomonosov/otb2024/c.cpp", "C++", 0, 86, 1, 3, 90
"/home/kapusta/Документы/programming_tasks/lomonosov/otb2024/d.cpp", "C++", 0, 53, 0, 3, 56
"/home/kapusta/Документы/programming_tasks/lomonosov/otb2024/e.cpp", "C++", 0, 40, 3, 2, 45
"/home/kapusta/Документы/programming_tasks/lomonosov/otb2024/f.cpp", "C++", 0, 34, 0, 3, 37
"/home/kapusta/Документы/programming_tasks/myContest/testCon/a.cpp", "C++", 0, 20, 0, 1, 21
"/home/kapusta/Документы/programming_tasks/myContest/testCon/a2.cpp", "C++", 0, 5, 0, 1, 6
"/home/kapusta/Документы/programming_tasks/myContest/testCon/c.cpp", "C++", 0, 45, 0, 3, 48
"/home/kapusta/Документы/programming_tasks/myContest/testCon/testerA.py", "Python", 3, 0, 0, 3, 6
"/home/kapusta/Документы/programming_tasks/otbor_tinkof080923/blocks.cpp", "C++", 0, 35, 0, 3, 38
"/home/kapusta/Документы/programming_tasks/otbor_tinkof080923/blocks.py", "Python", 14, 0, 0, 2, 16
"/home/kapusta/Документы/programming_tasks/otbor_tinkof080923/ciferblat.py", "Python", 9, 0, 0, 3, 12
"/home/kapusta/Документы/programming_tasks/otbor_tinkof080923/derijabl.cpp", "C++", 0, 15, 0, 2, 17
"/home/kapusta/Документы/programming_tasks/otbor_tinkof080923/derijable.py", "Python", 39, 0, 1, 2, 42
"/home/kapusta/Документы/programming_tasks/otbor_tinkof080923/expedition.cpp", "C++", 0, 32, 0, 1, 33
"/home/kapusta/Документы/programming_tasks/otbor_tinkof080923/fast_div_ost.cpp", "C++", 0, 6, 0, 1, 7
"/home/kapusta/Документы/programming_tasks/otbor_tinkof080923/haker_vitalii.cpp", "C++", 0, 23, 0, 2, 25
"/home/kapusta/Документы/programming_tasks/otbor_tinkof080923/last_blocks.cpp", "C++", 0, 34, 0, 3, 37
"/home/kapusta/Документы/programming_tasks/otbor_tinkof080923/left_right_bin_search.cpp", "C++", 0, 38, 1, 1, 40
"/home/kapusta/Документы/programming_tasks/otbor_tinkof080923/line_search.cpp", "C++", 0, 22, 0, 1, 23
"/home/kapusta/Документы/programming_tasks/otbor_tinkof080923/max_elemant.cpp", "C++", 0, 14, 0, 1, 15
"/home/kapusta/Документы/programming_tasks/otbor_tinkof080923/minus.py", "Python", 2, 0, 0, 1, 3
"/home/kapusta/Документы/programming_tasks/otbor_tinkof080923/minus2.py", "Python", 15, 0, 0, 3, 18
"/home/kapusta/Документы/programming_tasks/otbor_tinkof080923/next_number.cpp", "C++", 0, 18, 0, 1, 19
"/home/kapusta/Документы/programming_tasks/otbor_tinkof080923/otrezki.cpp", "C++", 0, 76, 13, 8, 97
"/home/kapusta/Документы/programming_tasks/otbor_tinkof080923/otrezki.py", "Python", 63, 0, 2, 13, 78
"/home/kapusta/Документы/programming_tasks/otbor_tinkof080923/polindrome.py", "Python", 22, 0, 3, 5, 30
"/home/kapusta/Документы/programming_tasks/otbor_tinkof080923/polindromes.cpp", "C++", 0, 66, 0, 5, 71
"/home/kapusta/Документы/programming_tasks/otbor_tinkof080923/pr.cpp", "C++", 0, 56, 0, 5, 61
"/home/kapusta/Документы/programming_tasks/otbor_tinkof080923/prazdn.py", "Python", 6, 0, 0, 5, 11
"/home/kapusta/Документы/programming_tasks/otbor_tinkof080923/rgb.py", "Python", 13, 0, 0, 3, 16
"/home/kapusta/Документы/programming_tasks/otbor_tinkof080923/rojer.cpp", "C++", 0, 21, 3, 4, 28
"/home/kapusta/Документы/programming_tasks/otbor_tinkof080923/sedlov_point.cpp", "C++", 0, 45, 0, 1, 46
"/home/kapusta/Документы/programming_tasks/otbor_tinkof080923/serebr_medal.cpp", "C++", 0, 23, 0, 1, 24
"/home/kapusta/Документы/programming_tasks/otbor_tinkof080923/simple_rojer.cpp", "C++", 0, 11, 1, 3, 15
"/home/kapusta/Документы/programming_tasks/otbor_tinkof080923/sort.cpp", "C++", 0, 18, 0, 2, 20
"/home/kapusta/Документы/programming_tasks/otbor_tinkof080923/very_lite_qwestion.cpp", "C++", 0, 4, 0, 2, 6
"/home/kapusta/Документы/programming_tasks/otbor_tinkof080923/very_lite_qwestion.py", "Python", 10, 0, 0, 0, 10
"/home/kapusta/Документы/programming_tasks/otbor_tinkof080923/ybiley.py", "Python", 1, 0, 0, 2, 3
"/home/kapusta/Документы/programming_tasks/otbor_tinkoff02/a.cpp", "C++", 0, 23, 0, 3, 26
"/home/kapusta/Документы/programming_tasks/otbor_tinkoff02/at.cpp", "C++", 0, 20, 0, 2, 22
"/home/kapusta/Документы/programming_tasks/primeTime/n1.cpp", "C++", 0, 26, 6, 1, 33
"/home/kapusta/Документы/programming_tasks/primeTime/n2.cpp", "C++", 0, 46, 4, 2, 52
"/home/kapusta/Документы/programming_tasks/primeTime/n5.cpp", "C++", 0, 86, 0, 7, 93
"/home/kapusta/Документы/programming_tasks/primeTime/n9.cpp", "C++", 0, 38, 1, 1, 40
"/home/kapusta/Документы/programming_tasks/sirius/00.cpp", "C++", 0, 38, 15, 4, 57
"/home/kapusta/Документы/programming_tasks/sirius/1/00.cpp", "C++", 0, 27, 3, 1, 31
"/home/kapusta/Документы/programming_tasks/sirius/1/01.cpp", "C++", 0, 43, 0, 2, 45
"/home/kapusta/Документы/programming_tasks/sirius/1/10.cpp", "C++", 0, 25, 0, 1, 26
"/home/kapusta/Документы/programming_tasks/sirius/1/11.cpp", "C++", 0, 34, 0, 3, 37
"/home/kapusta/Документы/programming_tasks/sirius/2/00.cpp", "C++", 0, 22, 0, 2, 24
"/home/kapusta/Документы/programming_tasks/sirius/2/01.cpp", "C++", 0, 22, 3, 3, 28
"/home/kapusta/Документы/programming_tasks/sirius/2/02.cpp", "C++", 0, 29, 0, 3, 32
"/home/kapusta/Документы/programming_tasks/sirius/2/10.cpp", "C++", 0, 56, 12, 5, 73
"/home/kapusta/Документы/programming_tasks/sirius/2/11.cpp", "C++", 0, 24, 4, 3, 31
"/home/kapusta/Документы/programming_tasks/sirius/2/12.cpp", "C++", 0, 23, 8, 3, 34
"/home/kapusta/Документы/programming_tasks/sirius/2/20.cpp", "C++", 0, 52, 6, 3, 61
"/home/kapusta/Документы/programming_tasks/sirius/2/21.cpp", "C++", 0, 51, 6, 5, 62
"/home/kapusta/Документы/programming_tasks/sirius/2/22.cpp", "C++", 0, 43, 4, 4, 51
"/home/kapusta/Документы/programming_tasks/sirius/3/00.cpp", "C++", 0, 74, 16, 11, 101
"/home/kapusta/Документы/programming_tasks/sirius/3/01.cpp", "C++", 0, 76, 12, 9, 97
"/home/kapusta/Документы/programming_tasks/sirius/3/02.cpp", "C++", 0, 41, 7, 15, 63
"/home/kapusta/Документы/programming_tasks/sirius/3/03.cpp", "C++", 0, 29, 0, 5, 34
"/home/kapusta/Документы/programming_tasks/sirius/3/10.cpp", "C++", 0, 64, 6, 10, 80
"/home/kapusta/Документы/programming_tasks/sirius/3/11.cpp", "C++", 0, 33, 1, 1, 35
"/home/kapusta/Документы/programming_tasks/sirius/3/12.cpp", "C++", 0, 51, 12, 8, 71
"/home/kapusta/Документы/programming_tasks/sirius/3/13.cpp", "C++", 0, 18, 0, 2, 20
"/home/kapusta/Документы/programming_tasks/sirius/3/20.cpp", "C++", 0, 25, 0, 2, 27
"/home/kapusta/Документы/programming_tasks/sirius/3/21.cpp", "C++", 0, 32, 1, 2, 35
"/home/kapusta/Документы/programming_tasks/sirius/3/22.cpp", "C++", 0, 39, 8, 2, 49
"/home/kapusta/Документы/programming_tasks/sirius/3/23.cpp", "C++", 0, 21, 1, 2, 24
"/home/kapusta/Документы/programming_tasks/sirius/3/30.cpp", "C++", 0, 70, 7, 6, 83
"/home/kapusta/Документы/programming_tasks/sirius/3/31.cpp", "C++", 0, 34, 0, 2, 36
"/home/kapusta/Документы/programming_tasks/sirius/3/32.cpp", "C++", 0, 34, 0, 2, 36
"/home/kapusta/Документы/programming_tasks/sirius/3/33.cpp", "C++", 0, 35, 3, 4, 42
"/home/kapusta/Документы/programming_tasks/sirius/4/00.cpp", "C++", 0, 37, 1, 2, 40
"/home/kapusta/Документы/programming_tasks/sirius/4/01.cpp", "C++", 0, 15, 0, 1, 16
"/home/kapusta/Документы/programming_tasks/sirius/4/02.cpp", "C++", 0, 31, 1, 1, 33
"/home/kapusta/Документы/programming_tasks/sirius/4/03.cpp", "C++", 0, 42, 0, 2, 44
"/home/kapusta/Документы/programming_tasks/sirius/4/04.cpp", "C++", 0, 31, 1, 1, 33
"/home/kapusta/Документы/programming_tasks/sirius/4/10.cpp", "C++", 0, 26, 1, 1, 28
"/home/kapusta/Документы/programming_tasks/sirius/4/11.cpp", "C++", 0, 25, 0, 1, 26
"/home/kapusta/Документы/programming_tasks/sirius/4/12.cpp", "C++", 0, 29, 0, 1, 30
"/home/kapusta/Документы/programming_tasks/sirius/4/13.cpp", "C++", 0, 33, 0, 1, 34
"/home/kapusta/Документы/programming_tasks/sirius/4/14.cpp", "C++", 0, 31, 1, 1, 33
"/home/kapusta/Документы/programming_tasks/sirius/4/20.cpp", "C++", 0, 25, 1, 3, 29
"/home/kapusta/Документы/programming_tasks/sirius/4/21.cpp", "C++", 0, 25, 2, 2, 29
"/home/kapusta/Документы/programming_tasks/sirius/4/22.cpp", "C++", 0, 43, 6, 2, 51
"/home/kapusta/Документы/programming_tasks/sirius/4/23.cpp", "C++", 0, 28, 0, 2, 30
"/home/kapusta/Документы/programming_tasks/sirius/4/24.cpp", "C++", 0, 24, 1, 2, 27
"/home/kapusta/Документы/programming_tasks/sirius/4/30.cpp", "C++", 0, 38, 0, 2, 40
"/home/kapusta/Документы/programming_tasks/sirius/4/31.cpp", "C++", 0, 35, 0, 2, 37
"/home/kapusta/Документы/programming_tasks/sirius/4/stress_test04.cpp", "C++", 0, 62, 1, 5, 68
"/home/kapusta/Документы/programming_tasks/sirius/a.cpp", "C++", 0, 10, 0, 1, 11
"/home/kapusta/Документы/programming_tasks/sirius/b.cpp", "C++", 0, 16, 0, 1, 17
"/home/kapusta/Документы/programming_tasks/sirius/c.cpp", "C++", 0, 24, 3, 1, 28
"/home/kapusta/Документы/programming_tasks/sirius/d.cpp", "C++", 0, 18, 3, 1, 22
"/home/kapusta/Документы/programming_tasks/sirius/e.cpp", "C++", 0, 22, 3, 1, 26
"/home/kapusta/Документы/programming_tasks/sirius/f.cpp", "C++", 0, 27, 7, 3, 37
"/home/kapusta/Документы/programming_tasks/sirius/g.cpp", "C++", 0, 23, 3, 1, 27
"/home/kapusta/Документы/programming_tasks/sirius/h.cpp", "C++", 0, 26, 3, 1, 30
"/home/kapusta/Документы/programming_tasks/sirius/i.cpp", "C++", 0, 32, 2, 1, 35
"/home/kapusta/Документы/programming_tasks/sirius/j.cpp", "C++", 0, 24, 3, 1, 28
"/home/kapusta/Документы/programming_tasks/sirius/k.cpp", "C++", 0, 24, 3, 1, 28
"/home/kapusta/Документы/programming_tasks/sirius/l.cpp", "C++", 0, 32, 0, 2, 34
"/home/kapusta/Документы/programming_tasks/sirius/m.cpp", "C++", 0, 40, 4, 8, 52
"/home/kapusta/Документы/programming_tasks/sirius/n.cpp", "C++", 0, 28, 0, 2, 30
"/home/kapusta/Документы/programming_tasks/sirius/o.cpp", "C++", 0, 36, 0, 1, 37
"/home/kapusta/Документы/programming_tasks/sirius/p.cpp", "C++", 0, 20, 4, 1, 25
"/home/kapusta/Документы/programming_tasks/sirius/q.cpp", "C++", 0, 25, 0, 3, 28
"/home/kapusta/Документы/programming_tasks/smena/bfs/c.cpp", "C++", 0, 58, 7, 2, 67
"/home/kapusta/Документы/programming_tasks/smena/geom/c.cpp", "C++", 0, 8, 0, 3, 11
"/home/kapusta/Документы/programming_tasks/smena/hz/a.cpp", "C++", 0, 56, 7, 4, 67
"/home/kapusta/Документы/programming_tasks/smena/hz/a2.cpp", "C++", 0, 68, 10, 4, 82
"/home/kapusta/Документы/programming_tasks/smena/hz/a3.cpp", "C++", 0, 11, 0, 1, 12
"/home/kapusta/Документы/programming_tasks/smena/sqrtDecompose/d.cpp", "C++", 0, 60, 0, 5, 65
"/home/kapusta/Документы/programming_tasks/smena/sqrtDecompose/d2.cpp", "C++", 0, 54, 2, 2, 58
"/home/kapusta/Документы/programming_tasks/smena/sqrtDecompose/d_nnn.cpp", "C++", 0, 55, 0, 1, 56
"/home/kapusta/Документы/programming_tasks/technoCup/a.cpp", "C++", 0, 18, 0, 2, 20
"/home/kapusta/Документы/programming_tasks/technoCup/b.cpp", "C++", 0, 22, 0, 2, 24
"/home/kapusta/Документы/programming_tasks/technoCup/test.py", "Python", 5, 0, 0, 2, 7
"/home/kapusta/Документы/programming_tasks/tecnoCup/otb/a.cpp", "C++", 0, 23, 0, 2, 25
"/home/kapusta/Документы/programming_tasks/tecnoCup/otb/b.cpp", "C++", 0, 34, 0, 2, 36
"/home/kapusta/Документы/programming_tasks/tecnoCup/otb/c.cpp", "C++", 0, 50, 0, 2, 52
"/home/kapusta/Документы/programming_tasks/tecnoCup/otb/d.cpp", "C++", 0, 34, 0, 3, 37
"/home/kapusta/Документы/programming_tasks/timus/id1820.cpp", "C++", 0, 9, 0, 1, 10
"/home/kapusta/Документы/programming_tasks/tinkoff/BFS&D/a.cpp", "C++", 0, 41, 1, 7, 49
"/home/kapusta/Документы/programming_tasks/tinkoff/BFS&D/a2.cpp", "C++", 0, 44, 1, 7, 52
"/home/kapusta/Документы/programming_tasks/tinkoff/BFS&D/b.cpp", "C++", 0, 34, 0, 8, 42
"/home/kapusta/Документы/programming_tasks/tinkoff/BFS&D/c.cpp", "C++", 0, 57, 15, 8, 80
"/home/kapusta/Документы/programming_tasks/tinkoff/BFS&D/d.cpp", "C++", 0, 63, 13, 11, 87
"/home/kapusta/Документы/programming_tasks/tinkoff/BFS&D/d2.cpp", "C++", 0, 51, 13, 11, 75
"/home/kapusta/Документы/programming_tasks/tinkoff/BFS&D/d3.cpp", "C++", 0, 50, 10, 13, 73
"/home/kapusta/Документы/programming_tasks/tinkoff/BFS&D/d4.cpp", "C++", 0, 52, 5, 7, 64
"/home/kapusta/Документы/programming_tasks/tinkoff/BFS&D/e.cpp", "C++", 0, 63, 3, 13, 79
"/home/kapusta/Документы/programming_tasks/tinkoff/BFS&D/e2.cpp", "C++", 0, 53, 1, 10, 64
"/home/kapusta/Документы/programming_tasks/tinkoff/BFS&D/e3.cpp", "C++", 0, 55, 10, 6, 71
"/home/kapusta/Документы/programming_tasks/tinkoff/BFS&D/f.cpp", "C++", 0, 69, 0, 6, 75
"/home/kapusta/Документы/programming_tasks/tinkoff/BFS&D/g.cpp", "C++", 0, 53, 7, 8, 68
"/home/kapusta/Документы/programming_tasks/tinkoff/BFS&D/h.cpp", "C++", 0, 72, 6, 7, 85
"/home/kapusta/Документы/programming_tasks/tinkoff/BFS&D/i.cpp", "C++", 0, 87, 13, 11, 111
"/home/kapusta/Документы/programming_tasks/tinkoff/BFS&D/j.cpp", "C++", 0, 48, 1, 9, 58
"/home/kapusta/Документы/programming_tasks/tinkoff/BFS&D/j2.cpp", "C++", 0, 49, 1, 8, 58
"/home/kapusta/Документы/programming_tasks/tinkoff/BFS&D/j3.cpp", "C++", 0, 43, 3, 6, 52
"/home/kapusta/Документы/programming_tasks/tinkoff/BFS&D/j4.cpp", "C++", 0, 58, 2, 11, 71
"/home/kapusta/Документы/programming_tasks/tinkoff/BFS&D/j5.cpp", "C++", 0, 70, 6, 8, 84
"/home/kapusta/Документы/programming_tasks/tinkoff/BFS&D/j6.cpp", "C++", 0, 63, 2, 7, 72
"/home/kapusta/Документы/programming_tasks/tinkoff/BFS&D/k.cpp", "C++", 0, 56, 6, 12, 74
"/home/kapusta/Документы/programming_tasks/tinkoff/BFS&D/l.cpp", "C++", 0, 111, 17, 9, 137
"/home/kapusta/Документы/programming_tasks/tinkoff/BFS&D/m.cpp", "C++", 0, 86, 19, 5, 110
"/home/kapusta/Документы/programming_tasks/tinkoff/BFS&D/m2.cpp", "C++", 0, 74, 6, 7, 87
"/home/kapusta/Документы/programming_tasks/tinkoff/BFS&D/n.cpp", "C++", 0, 51, 5, 3, 59
"/home/kapusta/Документы/programming_tasks/tinkoff/BFS&D/n2.cpp", "C++", 0, 48, 2, 7, 57
"/home/kapusta/Документы/programming_tasks/tinkoff/BFS&D/o.cpp", "C++", 0, 59, 4, 12, 75
"/home/kapusta/Документы/programming_tasks/tinkoff/BFS&D/o2.cpp", "C++", 0, 21, 0, 3, 24
"/home/kapusta/Документы/programming_tasks/tinkoff/DFS/a.cpp", "C++", 0, 21, 0, 1, 22
"/home/kapusta/Документы/programming_tasks/tinkoff/DFS/b.cpp", "C++", 0, 21, 0, 1, 22
"/home/kapusta/Документы/programming_tasks/tinkoff/DFS/c.cpp", "C++", 0, 39, 3, 3, 45
"/home/kapusta/Документы/programming_tasks/tinkoff/DFS/d.cpp", "C++", 0, 38, 13, 3, 54
"/home/kapusta/Документы/programming_tasks/tinkoff/DFS/d2.cpp", "C++", 0, 38, 3, 4, 45
"/home/kapusta/Документы/programming_tasks/tinkoff/DFS/d3.cpp", "C++", 0, 39, 2, 4, 45
"/home/kapusta/Документы/programming_tasks/tinkoff/DFS/e.cpp", "C++", 0, 46, 0, 3, 49
"/home/kapusta/Документы/programming_tasks/tinkoff/DFS/f.cpp", "C++", 0, 36, 0, 5, 41
"/home/kapusta/Документы/programming_tasks/tinkoff/DFS/g.cpp", "C++", 0, 35, 1, 3, 39
"/home/kapusta/Документы/programming_tasks/tinkoff/DFS/h.cpp", "C++", 0, 40, 5, 3, 48
"/home/kapusta/Документы/programming_tasks/tinkoff/DFS/i.cpp", "C++", 0, 42, 7, 5, 54
"/home/kapusta/Документы/programming_tasks/tinkoff/DFS/j.cpp", "C++", 0, 33, 0, 6, 39
"/home/kapusta/Документы/programming_tasks/tinkoff/DFS/j2.cpp", "C++", 0, 46, 0, 4, 50
"/home/kapusta/Документы/programming_tasks/tinkoff/DFS/j3.cpp", "C++", 0, 46, 3, 5, 54
"/home/kapusta/Документы/programming_tasks/tinkoff/DFS/k.cpp", "C++", 0, 33, 3, 3, 39
"/home/kapusta/Документы/programming_tasks/tinkoff/DFS/k2.cpp", "C++", 0, 34, 0, 7, 41
"/home/kapusta/Документы/programming_tasks/tinkoff/DFS/l.cpp", "C++", 0, 39, 8, 3, 50
"/home/kapusta/Документы/programming_tasks/tinkoff/DFS/m.cpp", "C++", 0, 42, 0, 9, 51
"/home/kapusta/Документы/programming_tasks/tinkoff/DFS/n.cpp", "C++", 0, 31, 9, 11, 51
"/home/kapusta/Документы/programming_tasks/tinkoff/DFS/n2.cpp", "C++", 0, 42, 3, 10, 55
"/home/kapusta/Документы/programming_tasks/tinkoff/DFS/o.cpp", "C++", 0, 47, 0, 6, 53
"/home/kapusta/Документы/programming_tasks/tinkoff/DFS/p.cpp", "C++", 0, 41, 0, 7, 48
"/home/kapusta/Документы/programming_tasks/tinkoff/DO/a.cpp", "C++", 0, 51, 5, 6, 62
"/home/kapusta/Документы/programming_tasks/tinkoff/DO/b.cpp", "C++", 0, 33, 3, 4, 40
"/home/kapusta/Документы/programming_tasks/tinkoff/DO/c.cpp", "C++", 0, 73, 5, 11, 89
"/home/kapusta/Документы/programming_tasks/tinkoff/DO/d.cpp", "C++", 0, 57, 6, 4, 67
"/home/kapusta/Документы/programming_tasks/tinkoff/DO/d2.cpp", "C++", 0, 58, 6, 11, 75
"/home/kapusta/Документы/programming_tasks/tinkoff/DO/d3.cpp", "C++", 0, 45, 4, 5, 54
"/home/kapusta/Документы/programming_tasks/tinkoff/DO/d4.cpp", "C++", 0, 97, 3, 18, 118
"/home/kapusta/Документы/programming_tasks/tinkoff/DO/e.cpp", "C++", 0, 90, 14, 10, 114
"/home/kapusta/Документы/programming_tasks/tinkoff/DO/f.cpp", "C++", 0, 91, 14, 13, 118
"/home/kapusta/Документы/programming_tasks/tinkoff/DO/g.cpp", "C++", 0, 8, 0, 2, 10
"/home/kapusta/Документы/programming_tasks/tinkoff/F&FB/a.cpp", "C++", 0, 43, 0, 7, 50
"/home/kapusta/Документы/programming_tasks/tinkoff/F&FB/a2.cpp", "C++", 0, 44, 2, 8, 54
"/home/kapusta/Документы/programming_tasks/tinkoff/F&FB/b.cpp", "C++", 0, 65, 0, 9, 74
"/home/kapusta/Документы/programming_tasks/tinkoff/F&FB/b2.cpp", "C++", 0, 59, 0, 11, 70
"/home/kapusta/Документы/programming_tasks/tinkoff/STL/a.cpp", "C++", 0, 27, 0, 1, 28
"/home/kapusta/Документы/programming_tasks/tinkoff/STL/bl.cpp", "C++", 0, 36, 0, 1, 37
"/home/kapusta/Документы/programming_tasks/tinkoff/STL/c.cpp", "C++", 0, 19, 0, 1, 20
"/home/kapusta/Документы/programming_tasks/tinkoff/STL/d.cpp", "C++", 0, 36, 0, 1, 37
"/home/kapusta/Документы/programming_tasks/tinkoff/STL/f.cpp", "C++", 0, 47, 15, 3, 65
"/home/kapusta/Документы/programming_tasks/tinkoff/algos1/a.cpp", "C++", 0, 32, 0, 2, 34
"/home/kapusta/Документы/programming_tasks/tinkoff/algos1/b.cpp", "C++", 0, 25, 0, 2, 27
"/home/kapusta/Документы/programming_tasks/tinkoff/algos1/c.cpp", "C++", 0, 28, 3, 2, 33
"/home/kapusta/Документы/programming_tasks/tinkoff/algos1/d.cpp", "C++", 0, 39, 12, 2, 53
"/home/kapusta/Документы/programming_tasks/tinkoff/algos1/e.cpp", "C++", 0, 96, 12, 6, 114
"/home/kapusta/Документы/programming_tasks/tinkoff/algos1/e1.cpp", "C++", 0, 34, 0, 2, 36
"/home/kapusta/Документы/programming_tasks/tinkoff/algos1/e2.cpp", "C++", 0, 62, 0, 3, 65
"/home/kapusta/Документы/programming_tasks/tinkoff/algos1/f.cpp", "C++", 0, 22, 4, 3, 29
"/home/kapusta/Документы/programming_tasks/tinkoff/algos1/g.cpp", "C++", 0, 48, 9, 3, 60
"/home/kapusta/Документы/programming_tasks/tinkoff/algos1/h.cpp", "C++", 0, 45, 2, 3, 50
"/home/kapusta/Документы/programming_tasks/tinkoff/binsearch/a.cpp", "C++", 0, 32, 0, 3, 35
"/home/kapusta/Документы/programming_tasks/tinkoff/binsearch/a.py", "Python", 14, 0, 0, 3, 17
"/home/kapusta/Документы/programming_tasks/tinkoff/binsearch/b.cpp", "C++", 0, 30, 0, 3, 33
"/home/kapusta/Документы/programming_tasks/tinkoff/binsearch/bl.cpp", "C++", 0, 26, 0, 1, 27
"/home/kapusta/Документы/programming_tasks/tinkoff/binsearch/cl.cpp", "C++", 0, 47, 0, 2, 49
"/home/kapusta/Документы/programming_tasks/tinkoff/binsearch/d.cpp", "C++", 0, 20, 0, 3, 23
"/home/kapusta/Документы/programming_tasks/tinkoff/binsearch/e.cpp", "C++", 0, 23, 0, 1, 24
"/home/kapusta/Документы/programming_tasks/tinkoff/binsearch/f.cpp", "C++", 0, 19, 0, 3, 22
"/home/kapusta/Документы/programming_tasks/tinkoff/binsearch/g.cpp", "C++", 0, 32, 9, 2, 43
"/home/kapusta/Документы/programming_tasks/tinkoff/binsearch/h.cpp", "C++", 0, 34, 6, 3, 43
"/home/kapusta/Документы/programming_tasks/tinkoff/binsearch/hl.cpp", "C++", 0, 28, 0, 3, 31
"/home/kapusta/Документы/programming_tasks/tinkoff/binsearch/i.cpp", "C++", 0, 19, 0, 4, 23
"/home/kapusta/Документы/programming_tasks/tinkoff/binsearch/j.cpp", "C++", 0, 25, 0, 5, 30
"/home/kapusta/Документы/programming_tasks/tinkoff/binsearch/jl.cpp", "C++", 0, 30, 1, 3, 34
"/home/kapusta/Документы/programming_tasks/tinkoff/binsearch/kl.cpp", "C++", 0, 37, 2, 5, 44
"/home/kapusta/Документы/programming_tasks/tinkoff/dynamic/a.cpp", "C++", 0, 20, 0, 3, 23
"/home/kapusta/Документы/programming_tasks/tinkoff/dynamic/a2.cpp", "C++", 0, 16, 0, 1, 17
"/home/kapusta/Документы/programming_tasks/tinkoff/dynamic/b.cpp", "C++", 0, 17, 0, 1, 18
"/home/kapusta/Документы/programming_tasks/tinkoff/dynamic/c.cpp", "C++", 0, 20, 0, 1, 21
"/home/kapusta/Документы/programming_tasks/tinkoff/dynamic/c2.cpp", "C++", 0, 19, 0, 1, 20
"/home/kapusta/Документы/programming_tasks/tinkoff/dynamic/d.cpp", "C++", 0, 37, 9, 1, 47
"/home/kapusta/Документы/programming_tasks/tinkoff/dynamic/d2.cpp", "C++", 0, 40, 0, 2, 42
"/home/kapusta/Документы/programming_tasks/tinkoff/dynamic/d3.cpp", "C++", 0, 50, 2, 1, 53
"/home/kapusta/Документы/programming_tasks/tinkoff/dynamic/d4.cpp", "C++", 0, 48, 0, 1, 49
"/home/kapusta/Документы/programming_tasks/tinkoff/dynamic/e.cpp", "C++", 0, 19, 0, 1, 20
"/home/kapusta/Документы/programming_tasks/tinkoff/dynamic/f.cpp", "C++", 0, 27, 0, 1, 28
"/home/kapusta/Документы/programming_tasks/tinkoff/dynamic/g.cpp", "C++", 0, 17, 0, 1, 18
"/home/kapusta/Документы/programming_tasks/tinkoff/dynamic/h.cpp", "C++", 0, 33, 0, 2, 35
"/home/kapusta/Документы/programming_tasks/tinkoff/dynamic/h2.cpp", "C++", 0, 31, 0, 1, 32
"/home/kapusta/Документы/programming_tasks/tinkoff/dynamic/h3.cpp", "C++", 0, 24, 0, 1, 25
"/home/kapusta/Документы/programming_tasks/tinkoff/dynamic/i.cpp", "C++", 0, 17, 0, 1, 18
"/home/kapusta/Документы/programming_tasks/tinkoff/dynamic/i2.cpp", "C++", 0, 17, 0, 1, 18
"/home/kapusta/Документы/programming_tasks/tinkoff/dynamic/j.cpp", "C++", 0, 24, 0, 1, 25
"/home/kapusta/Документы/programming_tasks/tinkoff/dynamic/j2.cpp", "C++", 0, 22, 0, 1, 23
"/home/kapusta/Документы/programming_tasks/tinkoff/dynamic/j3.cpp", "C++", 0, 70, 18, 3, 91
"/home/kapusta/Документы/programming_tasks/tinkoff/dynamic/j4.cpp", "C++", 0, 43, 17, 1, 61
"/home/kapusta/Документы/programming_tasks/tinkoff/dynamic/j5.cpp", "C++", 0, 60, 31, 1, 92
"/home/kapusta/Документы/programming_tasks/tinkoff/dynamic/j6.cpp", "C++", 0, 2, 0, 1, 3
"/home/kapusta/Документы/programming_tasks/tinkoff/dynamic/k.cpp", "C++", 0, 33, 3, 1, 37
"/home/kapusta/Документы/programming_tasks/tinkoff/dynamic/k2.cpp", "C++", 0, 21, 0, 1, 22
"/home/kapusta/Документы/programming_tasks/tinkoff/dynamic/l.cpp", "C++", 0, 26, 0, 1, 27
"/home/kapusta/Документы/programming_tasks/tinkoff/dynamic/m.cpp", "C++", 0, 33, 0, 1, 34
"/home/kapusta/Документы/programming_tasks/tinkoff/dynamic/n.cpp", "C++", 0, 25, 0, 1, 26
"/home/kapusta/Документы/programming_tasks/tinkoff/dynamic/o.cpp", "C++", 0, 26, 0, 1, 27
"/home/kapusta/Документы/programming_tasks/tinkoff/dynamic/p.cpp", "C++", 0, 42, 0, 1, 43
"/home/kapusta/Документы/programming_tasks/tinkoff/dynamic/q.cpp", "C++", 0, 20, 0, 1, 21
"/home/kapusta/Документы/programming_tasks/tinkoff/dynamic2/a.cpp", "C++", 0, 27, 0, 1, 28
"/home/kapusta/Документы/programming_tasks/tinkoff/dynamic2/a.py", "Python", 9, 0, 0, 3, 12
"/home/kapusta/Документы/programming_tasks/tinkoff/dynamic2/b.cpp", "C++", 0, 35, 0, 1, 36
"/home/kapusta/Документы/programming_tasks/tinkoff/dynamic2/c.cpp", "C++", 0, 28, 0, 1, 29
"/home/kapusta/Документы/programming_tasks/tinkoff/dynamic2/d.cpp", "C++", 0, 41, 5, 2, 48
"/home/kapusta/Документы/programming_tasks/tinkoff/dynamic2/d2.cpp", "C++", 0, 32, 8, 2, 42
"/home/kapusta/Документы/programming_tasks/tinkoff/dynamic2/d3.cpp", "C++", 0, 19, 0, 1, 20
"/home/kapusta/Документы/programming_tasks/tinkoff/dynamic2/d4.cpp", "C++", 0, 29, 0, 1, 30
"/home/kapusta/Документы/programming_tasks/tinkoff/dynamic2/e.cpp", "C++", 0, 41, 6, 1, 48
"/home/kapusta/Документы/programming_tasks/tinkoff/dynamic2/e2.cpp", "C++", 0, 44, 0, 1, 45
"/home/kapusta/Документы/programming_tasks/tinkoff/dynamic2/f.cpp", "C++", 0, 42, 3, 1, 46
"/home/kapusta/Документы/programming_tasks/tinkoff/dynamic2/f2.cpp", "C++", 0, 37, 0, 1, 38
"/home/kapusta/Документы/programming_tasks/tinkoff/dynamic2/g.cpp", "C++", 0, 46, 0, 1, 47
"/home/kapusta/Документы/programming_tasks/tinkoff/dynamic2/h.cpp", "C++", 0, 26, 0, 1, 27
"/home/kapusta/Документы/programming_tasks/tinkoff/dynamic2/i.cpp", "C++", 0, 22, 0, 1, 23
"/home/kapusta/Документы/programming_tasks/tinkoff/dynamic2/j.cpp", "C++", 0, 35, 5, 1, 41
"/home/kapusta/Документы/programming_tasks/tinkoff/dynamic2/j2.cpp", "C++", 0, 51, 10, 4, 65
"/home/kapusta/Документы/programming_tasks/tinkoff/dynamic2/j3.cpp", "C++", 0, 80, 3, 3, 86
"/home/kapusta/Документы/programming_tasks/tinkoff/dynamic2/j4.cpp", "C++", 0, 55, 4, 2, 61
"/home/kapusta/Документы/programming_tasks/tinkoff/dynamic2/j5.cpp", "C++", 0, 55, 6, 1, 62
"/home/kapusta/Документы/programming_tasks/tinkoff/dynamic2/j6.cpp", "C++", 0, 57, 5, 1, 63
"/home/kapusta/Документы/programming_tasks/tinkoff/dynamic2/k.cpp", "C++", 0, 36, 0, 1, 37
"/home/kapusta/Документы/programming_tasks/tinkoff/dynamic2/l.cpp", "C++", 0, 25, 2, 1, 28
"/home/kapusta/Документы/programming_tasks/tinkoff/dynamic2/l2.cpp", "C++", 0, 30, 2, 1, 33
"/home/kapusta/Документы/programming_tasks/tinkoff/dynamic2/l3.cpp", "C++", 0, 32, 0, 1, 33
"/home/kapusta/Документы/programming_tasks/tinkoff/dynamic2/l4.cpp", "C++", 0, 38, 0, 2, 40
"/home/kapusta/Документы/programming_tasks/tinkoff/dynamic2/l5.cpp", "C++", 0, 42, 2, 2, 46
"/home/kapusta/Документы/programming_tasks/tinkoff/dynamic2/m.cpp", "C++", 0, 27, 0, 1, 28
"/home/kapusta/Документы/programming_tasks/tinkoff/dynamic2/n.cpp", "C++", 0, 35, 0, 2, 37
"/home/kapusta/Документы/programming_tasks/tinkoff/dynamic2/n2.cpp", "C++", 0, 39, 1, 2, 42
"/home/kapusta/Документы/programming_tasks/tinkoff/dynamic2/n3.cpp", "C++", 0, 32, 1, 3, 36
"/home/kapusta/Документы/programming_tasks/tinkoff/dynamic2/n4.cpp", "C++", 0, 16, 0, 1, 17
"/home/kapusta/Документы/programming_tasks/tinkoff/dynamic2/q.cpp", "C++", 0, 29, 0, 1, 30
"/home/kapusta/Документы/programming_tasks/tinkoff/dynamic2/q2.cpp", "C++", 0, 31, 0, 1, 32
"/home/kapusta/Документы/programming_tasks/tinkoff/dynamic2/r.cpp", "C++", 0, 32, 3, 1, 36
"/home/kapusta/Документы/programming_tasks/tinkoff/dynamic2/r2.cpp", "C++", 0, 41, 0, 1, 42
"/home/kapusta/Документы/programming_tasks/tinkoff/exam/a.cpp", "C++", 0, 21, 0, 1, 22
"/home/kapusta/Документы/programming_tasks/tinkoff/exam/b.cpp", "C++", 0, 17, 0, 1, 18
"/home/kapusta/Документы/programming_tasks/tinkoff/exam/c.cpp", "C++", 0, 22, 0, 2, 24
"/home/kapusta/Документы/programming_tasks/tinkoff/exam/d.cpp", "C++", 0, 57, 16, 3, 76
"/home/kapusta/Документы/programming_tasks/tinkoff/exam/e.cpp", "C++", 0, 22, 1, 2, 25
"/home/kapusta/Документы/programming_tasks/tinkoff/exam/f.cpp", "C++", 0, 34, 0, 1, 35
"/home/kapusta/Документы/programming_tasks/tinkoff/exam/g.cpp", "C++", 0, 83, 10, 7, 100
"/home/kapusta/Документы/programming_tasks/tinkoff/exam/h.cpp", "C++", 0, 29, 4, 1, 34
"/home/kapusta/Документы/programming_tasks/tinkoff/exam/i.cpp", "C++", 0, 32, 0, 2, 34
"/home/kapusta/Документы/programming_tasks/tinkoff/exam/i2.cpp", "C++", 0, 39, 12, 5, 56
"/home/kapusta/Документы/programming_tasks/tinkoff/lin/a.cpp", "C++", 0, 35, 0, 1, 36
"/home/kapusta/Документы/programming_tasks/tinkoff/lin/b.cpp", "C++", 0, 73, 0, 4, 77
"/home/kapusta/Документы/programming_tasks/tinkoff/lin/c.cpp", "C++", 0, 93, 16, 4, 113
"/home/kapusta/Документы/programming_tasks/tinkoff/lin/c2.cpp", "C++", 0, 27, 22, 1, 50
"/home/kapusta/Документы/programming_tasks/tinkoff/lin/d.cpp", "C++", 0, 59, 12, 4, 75
"/home/kapusta/Документы/programming_tasks/tinkoff/lin/d2.cpp", "C++", 0, 39, 6, 7, 52
"/home/kapusta/Документы/programming_tasks/tinkoff/lin/e.cpp", "C++", 0, 32, 13, 2, 47
"/home/kapusta/Документы/programming_tasks/tinkoff/lin/el.cpp", "C++", 0, 44, 9, 1, 54
"/home/kapusta/Документы/programming_tasks/tinkoff/lin/f.cpp", "C++", 0, 27, 0, 1, 28
"/home/kapusta/Документы/programming_tasks/tinkoff/lin/g.cpp", "C++", 0, 53, 0, 3, 56
"/home/kapusta/Документы/programming_tasks/tinkoff/lin/g2.cpp", "C++", 0, 52, 6, 16, 74
"/home/kapusta/Документы/programming_tasks/tinkoff/lin/g3.cpp", "C++", 0, 87, 0, 4, 91
"/home/kapusta/Документы/programming_tasks/tinkoff/lin/p.py", "Python", 8, 0, 0, 2, 10
"/home/kapusta/Документы/programming_tasks/tinkoff/lin/testc.py", "Python", 10, 0, 0, 4, 14
"/home/kapusta/Документы/programming_tasks/tinkoff/nums/a.cpp", "C++", 0, 29, 0, 3, 32
"/home/kapusta/Документы/programming_tasks/tinkoff/nums/a2.cpp", "C++", 0, 14, 0, 1, 15
"/home/kapusta/Документы/programming_tasks/tinkoff/nums/b.cpp", "C++", 0, 52, 0, 3, 55
"/home/kapusta/Документы/programming_tasks/tinkoff/nums/b2.cpp", "C++", 0, 48, 0, 3, 51
"/home/kapusta/Документы/programming_tasks/tinkoff/nums/c.cpp", "C++", 0, 46, 0, 3, 49
"/home/kapusta/Документы/programming_tasks/tinkoff/nums/d.cpp", "C++", 0, 78, 0, 5, 83
"/home/kapusta/Документы/programming_tasks/tinkoff/nums/e.cpp", "C++", 0, 16, 0, 1, 17
"/home/kapusta/Документы/programming_tasks/tinkoff/nums/f.cpp", "C++", 0, 21, 0, 2, 23
"/home/kapusta/Документы/programming_tasks/tinkoff/nums/g.cpp", "C++", 0, 19, 0, 2, 21
"/home/kapusta/Документы/programming_tasks/tinkoff/nums/h.cpp", "C++", 0, 26, 0, 2, 28
"/home/kapusta/Документы/programming_tasks/tinkoff/nums/i.cpp", "C++", 0, 18, 0, 1, 19
"/home/kapusta/Документы/programming_tasks/tinkoff/nums/j.cpp", "C++", 0, 33, 1, 2, 36
"/home/kapusta/Документы/programming_tasks/tinkoff/nums/j2.cpp", "C++", 0, 16, 0, 1, 17
"/home/kapusta/Документы/programming_tasks/tinkoff/nums/j3.cpp", "C++", 0, 32, 0, 2, 34
"/home/kapusta/Документы/programming_tasks/tinkoff/nums/j4.cpp", "C++", 0, 32, 0, 2, 34
"/home/kapusta/Документы/programming_tasks/tinkoff/nums/j5.cpp", "C++", 0, 16, 0, 1, 17
"/home/kapusta/Документы/programming_tasks/tinkoff/nums/k.cpp", "C++", 0, 35, 0, 2, 37
"/home/kapusta/Документы/programming_tasks/tinkoff/nums/k2.cpp", "C++", 0, 36, 0, 2, 38
"/home/kapusta/Документы/programming_tasks/tinkoff/nums/l.cpp", "C++", 0, 27, 0, 3, 30
"/home/kapusta/Документы/programming_tasks/tinkoff/nums/m.cpp", "C++", 0, 28, 0, 3, 31
"/home/kapusta/Документы/programming_tasks/tinkoff/nums/n.cpp", "C++", 0, 31, 0, 2, 33
"/home/kapusta/Документы/programming_tasks/tinkoff/nums/o.cpp", "C++", 0, 41, 0, 3, 44
"/home/kapusta/Документы/programming_tasks/tinkoff/nums/p.cpp", "C++", 0, 13, 0, 1, 14
"/home/kapusta/Документы/programming_tasks/tinkoff/nums/p2.cpp", "C++", 0, 13, 0, 1, 14
"/home/kapusta/Документы/programming_tasks/tinkoff/nums/p3.cpp", "C++", 0, 26, 0, 2, 28
"/home/kapusta/Документы/programming_tasks/tinkoff/nums/p4.cpp", "C++", 0, 38, 3, 3, 44
"/home/kapusta/Документы/programming_tasks/tinkoff/nums/p5.cpp", "C++", 0, 20, 25, 3, 48
"/home/kapusta/Документы/programming_tasks/tinkoff/nums/p6.cpp", "C++", 0, 25, 3, 2, 30
"/home/kapusta/Документы/programming_tasks/tinkoff/otbor2024/a.cpp", "C++", 0, 46, 15, 2, 63
"/home/kapusta/Документы/programming_tasks/tinkoff/otbor2024/b.cpp", "C++", 0, 21, 0, 2, 23
"/home/kapusta/Документы/programming_tasks/tinkoff/otbor2024/bb6.cpp", "C++", 0, 56, 31, 3, 90
"/home/kapusta/Документы/programming_tasks/tinkoff/otbor2024/bb6_2.cpp", "C++", 0, 74, 2, 4, 80
"/home/kapusta/Документы/programming_tasks/tinkoff/otbor2024/bb6_3.cpp", "C++", 0, 59, 9, 3, 71
"/home/kapusta/Документы/programming_tasks/tinkoff/otbor2024/c.cpp", "C++", 0, 27, 1, 2, 30
"/home/kapusta/Документы/programming_tasks/tinkoff/otbor2024/c2.cpp", "C++", 0, 69, 14, 4, 87
"/home/kapusta/Документы/programming_tasks/tinkoff/otbor2024/cb1.cpp", "C++", 0, 33, 3, 2, 38
"/home/kapusta/Документы/programming_tasks/tinkoff/otbor2024/cb3.cpp", "C++", 0, 47, 10, 3, 60
"/home/kapusta/Документы/programming_tasks/tinkoff/otbor2024/cb4.cpp", "C++", 0, 80, 43, 11, 134
"/home/kapusta/Документы/programming_tasks/tinkoff/otbor2024/cb5.cpp", "C++", 0, 62, 11, 11, 84
"/home/kapusta/Документы/programming_tasks/tinkoff/otbor2024/cb5_2.cpp", "C++", 0, 63, 1, 13, 77
"/home/kapusta/Документы/programming_tasks/tinkoff/otbor2024/d.cpp", "C++", 0, 80, 12, 4, 96
"/home/kapusta/Документы/programming_tasks/tinkoff/otbor2024/e.cpp", "C++", 0, 43, 12, 2, 57
"/home/kapusta/Документы/programming_tasks/tinkoff/otbor2024/f.cpp", "C++", 0, 49, 1, 2, 52
"/home/kapusta/Документы/programming_tasks/tinkoff/otbor2024/g.cpp", "C++", 0, 39, 1, 2, 42
"/home/kapusta/Документы/programming_tasks/tinkoff/otbor2024/g2.cpp", "C++", 0, 45, 1, 2, 48
"/home/kapusta/Документы/programming_tasks/tinkoff/perebor/a.cpp", "C++", 0, 22, 0, 2, 24
"/home/kapusta/Документы/programming_tasks/tinkoff/perebor/b.cpp", "C++", 0, 26, 0, 3, 29
"/home/kapusta/Документы/programming_tasks/tinkoff/perebor/c.cpp", "C++", 0, 37, 4, 4, 45
"/home/kapusta/Документы/programming_tasks/tinkoff/perebor/d.cpp", "C++", 0, 29, 0, 4, 33
"/home/kapusta/Документы/programming_tasks/tinkoff/perebor/e.cpp", "C++", 0, 31, 0, 4, 35
"/home/kapusta/Документы/programming_tasks/tinkoff/perebor/f.cpp", "C++", 0, 28, 0, 3, 31
"/home/kapusta/Документы/programming_tasks/tinkoff/perebor/g.cpp", "C++", 0, 30, 0, 3, 33
"/home/kapusta/Документы/programming_tasks/tinkoff/perebor/h.cpp", "C++", 0, 33, 0, 3, 36
"/home/kapusta/Документы/programming_tasks/tinkoff/perebor/i.cpp", "C++", 0, 68, 1, 5, 74
"/home/kapusta/Документы/programming_tasks/tinkoff/perebor/i2.cpp", "C++", 0, 60, 14, 6, 80
"/home/kapusta/Документы/programming_tasks/tinkoff/perebor/i3.cpp", "C++", 0, 61, 12, 7, 80
"/home/kapusta/Документы/programming_tasks/tinkoff/perebor/i4.cpp", "C++", 0, 39, 0, 4, 43
"/home/kapusta/Документы/programming_tasks/tinkoff/perebor/j.cpp", "C++", 0, 43, 0, 2, 45
"/home/kapusta/Документы/programming_tasks/tinkoff/perebor/k.cpp", "C++", 0, 52, 0, 3, 55
"/home/kapusta/Документы/programming_tasks/tinkoff/perebor/l.cpp", "C++", 0, 28, 1, 1, 30
"/home/kapusta/Документы/programming_tasks/tinkoff/perebor/l2.cpp", "C++", 0, 41, 0, 3, 44
"/home/kapusta/Документы/programming_tasks/tinkoff/perebor/l3.cpp", "C++", 0, 29, 0, 3, 32
"/home/kapusta/Документы/programming_tasks/tinkoff/perebor/m.cpp", "C++", 0, 7, 0, 2, 9
"/home/kapusta/Документы/programming_tasks/tinkoff/pref_twopointers/a.cpp", "C++", 0, 18, 6, 2, 26
"/home/kapusta/Документы/programming_tasks/tinkoff/pref_twopointers/b.cpp", "C++", 0, 23, 0, 1, 24
"/home/kapusta/Документы/programming_tasks/tinkoff/pref_twopointers/c.cpp", "C++", 0, 22, 0, 1, 23
"/home/kapusta/Документы/programming_tasks/tinkoff/pref_twopointers/d.cpp", "C++", 0, 32, 0, 1, 33
"/home/kapusta/Документы/programming_tasks/tinkoff/pref_twopointers/e.cpp", "C++", 0, 27, 0, 2, 29
"/home/kapusta/Документы/programming_tasks/tinkoff/pref_twopointers/f.cpp", "C++", 0, 32, 9, 3, 44
"/home/kapusta/Документы/programming_tasks/tinkoff/pref_twopointers/g.cpp", "C++", 0, 32, 1, 4, 37
"/home/kapusta/Документы/programming_tasks/tinkoff/pref_twopointers/h.cpp", "C++", 0, 31, 0, 2, 33
"/home/kapusta/Документы/programming_tasks/tinkoff/pref_twopointers/i.cpp", "C++", 0, 32, 0, 8, 40
"/home/kapusta/Документы/programming_tasks/tinkoff/pref_twopointers/testcr1.py", "Python", 7, 0, 0, 2, 9
"/home/kapusta/Документы/programming_tasks/tinkoff/pref_twopointers/testcreator.py", "Python", 11, 0, 0, 6, 17
"/home/kapusta/Документы/programming_tasks/tinkoff/scanline/a.cpp", "C++", 0, 46, 0, 5, 51
"/home/kapusta/Документы/programming_tasks/tinkoff/scanline/a2.cpp", "C++", 0, 40, 0, 3, 43
"/home/kapusta/Документы/programming_tasks/tinkoff/scanline/a3.cpp", "C++", 0, 47, 0, 3, 50
"/home/kapusta/Документы/programming_tasks/tinkoff/scanline/b.cpp", "C++", 0, 62, 23, 6, 91
"/home/kapusta/Документы/programming_tasks/tinkoff/scanline/b2.cpp", "C++", 0, 86, 28, 13, 127
"/home/kapusta/Документы/programming_tasks/tinkoff/scanline/b3.cpp", "C++", 0, 49, 22, 6, 77
"/home/kapusta/Документы/programming_tasks/tinkoff/scanline/c.cpp", "C++", 0, 57, 0, 3, 60
"/home/kapusta/Документы/programming_tasks/tinkoff/scanline/d.cpp", "C++", 0, 47, 0, 5, 52
"/home/kapusta/Документы/programming_tasks/tinkoff/scanline/d2.cpp", "C++", 0, 35, 0, 2, 37
"/home/kapusta/Документы/programming_tasks/tinkoff/scanline/d3.cpp", "C++", 0, 45, 3, 4, 52
"/home/kapusta/Документы/programming_tasks/tinkoff/scanline/d4.cpp", "C++", 0, 53, 0, 4, 57
"/home/kapusta/Документы/programming_tasks/tinkoff/scanline/d5.cpp", "C++", 0, 43, 2, 3, 48
"/home/kapusta/Документы/programming_tasks/tinkoff/scanline/d6.cpp", "C++", 0, 48, 0, 7, 55
"/home/kapusta/Документы/programming_tasks/tinkoff/scanline/d7.cpp", "C++", 0, 46, 2, 6, 54
"/home/kapusta/Документы/programming_tasks/tinkoff/scanline/d7cheat.cpp", "C++", 0, 51, 2, 5, 58
"/home/kapusta/Документы/programming_tasks/tinkoff/scanline/e.cpp", "C++", 0, 41, 0, 3, 44
"/home/kapusta/Документы/programming_tasks/tinkoff/scanline/e2.cpp", "C++", 0, 48, 7, 3, 58
"/home/kapusta/Документы/programming_tasks/tinkoff/scanline/e3.cpp", "C++", 0, 41, 3, 4, 48
"/home/kapusta/Документы/programming_tasks/tinkoff/scanline/e4.cpp", "C++", 0, 44, 14, 7, 65
"/home/kapusta/Документы/programming_tasks/tinkoff/scanline/f.cpp", "C++", 0, 38, 0, 3, 41
"/home/kapusta/Документы/programming_tasks/tinkoff/scanline/g.cpp", "C++", 0, 13, 0, 2, 15
"/home/kapusta/Документы/programming_tasks/tinkoff/scanline/tester.cpp", "C++", 0, 16, 0, 1, 17
"/home/kapusta/Документы/programming_tasks/tinkoff/sort/a.cpp", "C++", 0, 27, 0, 2, 29
"/home/kapusta/Документы/programming_tasks/tinkoff/sort/b.cpp", "C++", 0, 27, 0, 2, 29
"/home/kapusta/Документы/programming_tasks/tinkoff/sort/c.cpp", "C++", 0, 34, 0, 2, 36
"/home/kapusta/Документы/programming_tasks/tinkoff/sort/d.cpp", "C++", 0, 30, 0, 3, 33
"/home/kapusta/Документы/programming_tasks/tinkoff/sort/e.cpp", "C++", 0, 31, 0, 2, 33
"/home/kapusta/Документы/programming_tasks/tinkoff/sort/f.cpp", "C++", 0, 18, 0, 1, 19
"/home/kapusta/Документы/programming_tasks/tinkoff/sort/g.cpp", "C++", 0, 17, 0, 1, 18
"/home/kapusta/Документы/programming_tasks/tinkoff/sort/h.cpp", "C++", 0, 41, 0, 2, 43
"/home/kapusta/Документы/programming_tasks/tinkoff/sort/i.cpp", "C++", 0, 34, 0, 1, 35
"/home/kapusta/Документы/programming_tasks/tinkoff/sort/j.cpp", "C++", 0, 31, 0, 1, 32
"/home/kapusta/Документы/programming_tasks/tinkoff/sort/k.cpp", "C++", 0, 28, 0, 1, 29
"/home/kapusta/Документы/programming_tasks/tinkoff/sort/l.cpp", "C++", 0, 24, 0, 2, 26
"/home/kapusta/Документы/programming_tasks/tinkoff/sort/m.cpp", "C++", 0, 81, 8, 7, 96
"/home/kapusta/Документы/programming_tasks/tinkoff/sort/m2.cpp", "C++", 0, 70, 8, 6, 84
"/home/kapusta/Документы/programming_tasks/tinkoff/sort/n.cpp", "C++", 0, 52, 0, 4, 56
"/home/kapusta/Документы/programming_tasks/tinkoff/sort/n2.cpp", "C++", 0, 55, 0, 4, 59
"/home/kapusta/Документы/programming_tasks/tinkoff/sort/n3.cpp", "C++", 0, 52, 0, 5, 57
"/home/kapusta/Документы/programming_tasks/tinkoff/sort/n4.cpp", "C++", 0, 36, 7, 4, 47
"/home/kapusta/Документы/programming_tasks/tinkoff/sort/n5.cpp", "C++", 0, 53, 0, 4, 57
"/home/kapusta/Документы/programming_tasks/tinkoff/sort/o.cpp", "C++", 0, 37, 0, 2, 39
"/home/kapusta/Документы/programming_tasks/tinkoff/stack_deck/a.cpp", "C++", 0, 31, 0, 2, 33
"/home/kapusta/Документы/programming_tasks/tinkoff/stack_deck/b.cpp", "C++", 0, 33, 0, 2, 35
"/home/kapusta/Документы/programming_tasks/tinkoff/stack_deck/c.cpp", "C++", 0, 43, 0, 2, 45
"/home/kapusta/Документы/programming_tasks/tinkoff/stack_deck/d.cpp", "C++", 0, 47, 0, 1, 48
"/home/kapusta/Документы/programming_tasks/tinkoff/stack_deck/e.cpp", "C++", 0, 55, 0, 2, 57
"/home/kapusta/Документы/programming_tasks/tinkoff/stack_deck/f.cpp", "C++", 0, 66, 0, 3, 69
"/home/kapusta/Документы/programming_tasks/tinkoff/stack_deck/g.cpp", "C++", 0, 46, 0, 2, 48
"/home/kapusta/Документы/programming_tasks/tinkoff/stack_deck/h.cpp", "C++", 0, 22, 0, 1, 23
"/home/kapusta/Документы/programming_tasks/tinkoff/stack_deck/j.cpp", "C++", 0, 28, 0, 1, 29
"/home/kapusta/Документы/programming_tasks/tinkoff_dop/a.cpp", "C++", 0, 8, 0, 1, 9
"/home/kapusta/Документы/programming_tasks/tinkoff_trenirovki/a.cpp", "C++", 0, 32, 0, 3, 35
"/home/kapusta/Документы/programming_tasks/tinkoff_trenirovki/b.cpp", "C++", 0, 8, 0, 2, 10
"/home/kapusta/Документы/programming_tasks/vprob/2024/a.cpp", "C++", 0, 31, 5, 2, 38
"/home/kapusta/Документы/programming_tasks/vprob/2024/b.cpp", "C++", 0, 38, 1, 2, 41
"/home/kapusta/Документы/programming_tasks/vprob/2024/main.cpp", "C++", 0, 8, 0, 3, 11
"/home/kapusta/Документы/programming_tasks/vprob/a.cpp", "C++", 0, 17, 0, 2, 19
"/home/kapusta/Документы/programming_tasks/vprob/b.cpp", "C++", 0, 29, 7, 1, 37
"/home/kapusta/Документы/programming_tasks/vprob/b2.cpp", "C++", 0, 38, 2, 1, 41
"/home/kapusta/Документы/programming_tasks/vprob/b3.cpp", "C++", 0, 38, 7, 1, 46
"/home/kapusta/Документы/programming_tasks/vprob/c.cpp", "C++", 0, 34, 11, 3, 48
"/home/kapusta/Документы/programming_tasks/vsosh/a.cpp", "C++", 0, 11, 0, 2, 13
"/home/kapusta/Документы/programming_tasks/vsosh/b.cpp", "C++", 0, 19, 0, 2, 21
"/home/kapusta/Документы/programming_tasks/vsosh/c.cpp", "C++", 0, 28, 0, 2, 30
"/home/kapusta/Документы/programming_tasks/vsosh/d.cpp", "C++", 0, 31, 0, 2, 33
"/home/kapusta/Документы/programming_tasks/vsosh/e.cpp", "C++", 0, 50, 11, 4, 65
"/home/kapusta/Документы/programming_tasks/vsosh/main.cpp", "C++", 0, 8, 0, 3, 11
"/home/kapusta/Документы/programming_tasks/нарешка/2004-2005/ojer.py", "Python", 1, 0, 0, 2, 3
"/home/kapusta/Документы/programming_tasks/нарешка/2004-2005/tele.py", "Python", 10, 0, 0, 5, 15
"/home/kapusta/Документы/programming_tasks/нарешка/2004-2005/tramvai.py", "Python", 26, 0, 0, 2, 28
"/home/kapusta/Документы/programming_tasks/нарешка/2004-2005/wb_graphick.cpp", "C++", 0, 40, 12, 2, 54
"/home/kapusta/Документы/programming_tasks/нарешка/itmo/sys.py", "Python", 15, 0, 1, 0, 16
"/home/kapusta/Документы/programming_tasks/нарешка/itmo/vesi.cpp", "C++", 0, 4, 0, 1, 5
"/home/kapusta/Документы/programming_tasks/нарешка/itmo/vesi.py", "Python", 29, 0, 4, 6, 39
"/home/kapusta/Документы/programming_tasks/нарешка/scool_et/am_gor.py", "Python", 35, 0, 0, 5, 40
"/home/kapusta/Документы/programming_tasks/нарешка/scool_et/let.py", "Python", 8, 0, 0, 4, 12
"/home/kapusta/Документы/programming_tasks/нарешка/scool_et/proj.py", "Python", 11, 0, 0, 1, 12
"/home/kapusta/Документы/programming_tasks/нарешка/scool_et/shit.py", "Python", 13, 0, 1, 2, 16
"/home/kapusta/Документы/programming_tasks/нарешка/scool_et/sup.cpp", "C++", 0, 22, 0, 2, 24
"/home/kapusta/Документы/programming_tasks/нарешка/scool_et/sup.py", "Python", 14, 0, 0, 2, 16
"/home/kapusta/Документы/programming_tasks/нарешка/ВСОШ/munik/a.cpp", "C++", 0, 12, 0, 1, 13
"/home/kapusta/Документы/programming_tasks/нарешка/ВСОШ/school/a.cpp", "C++", 0, 33, 12, 2, 47
"/home/kapusta/Документы/programming_tasks/нарешка/ВСОШ/school/a.py", "Python", 5, 0, 0, 1, 6
"/home/kapusta/Документы/programming_tasks/нарешка/ВСОШ/school/b.cpp", "C++", 0, 19, 0, 1, 20
"/home/kapusta/Документы/programming_tasks/нарешка/ВСОШ/school/b.py", "Python", 4, 0, 0, 1, 5
"/home/kapusta/Документы/programming_tasks/нарешка/ВСОШ/school/c.cpp", "C++", 0, 50, 13, 2, 65
"/home/kapusta/Документы/programming_tasks/нарешка/ВСОШ/school/c.py", "Python", 3, 0, 0, 3, 6
"/home/kapusta/Документы/programming_tasks/нарешка/ВСОШ/school/perfocards.cpp", "C++", 0, 28, 0, 2, 30
"/home/kapusta/Документы/programming_tasks/нарешка/ВСОШ/school/rndmin.py", "Python", 7, 0, 1, 2, 10
"/home/kapusta/Документы/programming_tasks/нарешка/ИОИП/akcii.cpp", "C++", 0, 33, 0, 2, 35
"/home/kapusta/Документы/programming_tasks/нарешка/ИОИП/akcii.py", "Python", 17, 0, 0, 4, 21
"/home/kapusta/Документы/programming_tasks/нарешка/РОИ/kasik.cpp", "C++", 0, 51, 1, 4, 56
"/home/kapusta/Документы/programming_tasks/нарешка/РОИ/mem_manager.cpp", "C++", 0, 47, 3, 1, 51
"/home/kapusta/Документы/programming_tasks/нарешка/РОИ/mem_manager.py", "Python", 27, 0, 3, 4, 34
"/home/kapusta/Документы/programming_tasks/нарешка/РОИ/ojerel.cpp", "C++", 0, 101, 2, 6, 109
"/home/kapusta/Документы/programming_tasks/нарешка/РОИ/ojerel.py", "Python", 18, 0, 2, 3, 23
"/home/kapusta/Документы/programming_tasks/нарешка/РОИ/perfocards.py", "Python", 0, 0, 0, 1, 1
"/home/kapusta/Документы/programming_tasks/смена/задачи/2.cpp", "C++", 0, 27, 0, 6, 33
"/home/kapusta/Документы/programming_tasks/смена/задачи/Commercial_calculator.cpp", "C++", 0, 4, 0, 1, 5
"/home/kapusta/Документы/programming_tasks/смена/задачи/Hash.cpp", "C++", 0, 35, 0, 1, 36
"/home/kapusta/Документы/programming_tasks/смена/задачи/Pobeda-2014.cpp", "C++", 0, 9, 0, 1, 10
"/home/kapusta/Документы/programming_tasks/смена/задачи/Spisik_shkol.cpp", "C++", 0, 22, 0, 2, 24
"/home/kapusta/Документы/programming_tasks/смена/задачи/Struct_S_castom.cpp", "C++", 0, 49, 0, 5, 54
"/home/kapusta/Документы/programming_tasks/смена/задачи/Struct_S_set.cpp", "C++", 0, 23, 0, 3, 26
"/home/kapusta/Документы/programming_tasks/смена/задачи/alley.cpp", "C++", 0, 28, 0, 1, 29
"/home/kapusta/Документы/programming_tasks/смена/задачи/avtomatiz_sk.cpp", "C++", 0, 39, 7, 4, 50
"/home/kapusta/Документы/programming_tasks/смена/задачи/binary_struct_1.cpp", "C++", 0, 74, 1, 11, 86
"/home/kapusta/Документы/programming_tasks/смена/задачи/bintree.cpp", "C++", 0, 126, 1, 16, 143
"/home/kapusta/Документы/programming_tasks/смена/задачи/borba_s_rutinoi.cpp", "C++", 0, 26, 0, 2, 28
"/home/kapusta/Документы/programming_tasks/смена/задачи/bsr.cpp", "C++", 0, 27, 0, 2, 29
"/home/kapusta/Документы/programming_tasks/смена/задачи/fib.cpp", "C++", 0, 21, 0, 2, 23
"/home/kapusta/Документы/programming_tasks/смена/задачи/mmm.cpp", "C++", 0, 23, 0, 6, 29
"/home/kapusta/Документы/programming_tasks/смена/задачи/num1.cpp", "C++", 0, 50, 5, 7, 62
"/home/kapusta/Документы/programming_tasks/смена/задачи/operand_peregruz.cpp", "C++", 0, 23, 0, 3, 26
"/home/kapusta/Документы/programming_tasks/смена/задачи/podstroka.cpp", "C++", 0, 13, 0, 1, 14
"/home/kapusta/Документы/programming_tasks/смена/задачи/py.py", "Python", 9, 0, 0, 2, 11
"/home/kapusta/Документы/programming_tasks/смена/задачи/reg1.cpp", "C++", 0, 11, 1, 1, 13
"/home/kapusta/Документы/programming_tasks/смена/задачи/reg2.cpp", "C++", 0, 17, 0, 1, 18
"/home/kapusta/Документы/programming_tasks/смена/задачи/reg3.cpp", "C++", 0, 40, 4, 3, 47
"/home/kapusta/Документы/programming_tasks/смена/задачи/reg4.cpp", "C++", 0, 16, 0, 3, 19
"/home/kapusta/Документы/programming_tasks/смена/задачи/reg5.cpp", "C++", 0, 21, 0, 5, 26
"/home/kapusta/Документы/programming_tasks/смена/задачи/reg6.cpp", "C++", 0, 22, 0, 1, 23
"/home/kapusta/Документы/programming_tasks/смена/задачи/ruksak.cpp", "C++", 0, 19, 0, 2, 21
"/home/kapusta/Документы/programming_tasks/смена/задачи/strochki.cpp", "C++", 0, 7, 0, 2, 9
"/home/kapusta/Документы/programming_tasks/смена/задачи/triangles.cpp", "C++", 0, 60, 16, 8, 84
"/home/kapusta/Документы/programming_tasks/смена/задачи/triangles2.py", "Python", 2, 0, 0, 1, 3
"/home/kapusta/Документы/programming_tasks/смена/задачи/trie.cpp", "C++", 0, 82, 19, 16, 117
"/home/kapusta/Документы/programming_tasks/смена/задачи/vec1.cpp", "C++", 0, 43, 0, 9, 52
"/home/kapusta/Документы/programming_tasks/смена/задачи/vec2.cpp", "C++", 0, 15, 0, 1, 16
"/home/kapusta/Документы/programming_tasks/смена/задачи/zero_one.cpp", "C++", 0, 32, 0, 6, 38
"/home/kapusta/Документы/programming_tasks/смена/задачи/zero_one1.cpp", "C++", 0, 25, 4, 6, 35
"/home/kapusta/Документы/programming_tasks/смена/командная олимпиада/1.cpp", "C++", 0, 8, 0, 1, 9
"/home/kapusta/Документы/programming_tasks/смена/командная олимпиада/10.cpp", "C++", 0, 39, 0, 1, 40
"/home/kapusta/Документы/programming_tasks/смена/командная олимпиада/2.cpp", "C++", 0, 55, 0, 3, 58
"/home/kapusta/Документы/programming_tasks/смена/командная олимпиада/3.cpp", "C++", 0, 10, 0, 1, 11
"/home/kapusta/Документы/programming_tasks/смена/командная олимпиада/4.cpp", "C++", 0, 32, 0, 5, 37
"/home/kapusta/Документы/programming_tasks/смена/командная олимпиада/5.cpp", "C++", 0, 39, 2, 1, 42
"/home/kapusta/Документы/programming_tasks/смена/командная олимпиада/6.cpp", "C++", 0, 18, 0, 4, 22
"/home/kapusta/Документы/programming_tasks/смена/командная олимпиада/7.cpp", "C++", 0, 20, 0, 1, 21
"/home/kapusta/Документы/programming_tasks/смена/командная олимпиада/8.cpp", "C++", 0, 10, 0, 4, 14
"/home/kapusta/Документы/programming_tasks/смена/командная олимпиада/9.cpp", "C++", 0, 41, 3, 6, 50
"/home/kapusta/Документы/programming_tasks/смена/личная олимпиада/1.cpp", "C++", 0, 27, 1, 6, 34
"/home/kapusta/Документы/programming_tasks/смена/личная олимпиада/b.cpp", "C++", 0, 26, 1, 1, 28
"/home/kapusta/Документы/programming_tasks/смена/личная олимпиада/c.cpp", "C++", 0, 19, 0, 4, 23
"/home/kapusta/Документы/programming_tasks/смена/личная олимпиада/e.cpp", "C++", 0, 29, 1, 2, 32
"Total", "-", 1215, 38448, 2538, 3490, 45691